SRT2DParameters :=

input file :=hof_29_11_image.hs

xy output image size (in pixels) := 100
zoom := 1


output filename prefix := hof_SRT

threshold for restriction within boundary := 2.5

;threshold_per slice for restriction within boundary  := {6.34, 2.22, 4.61, 5, 6.34, 2.22, 4.61, 56.34, 2.22, 4.61, 56.34, 2.22, 4.61, 56.34, 2.22, 4.61, 56.34, 2.22, 4.61, 56.34, 2.22, 4.61, 5,6.34, 2.22, 4.61, 5, 6.34, 2.22, 4.61, 56.34, 2.22, 4.61, 56.34, 2.22, 4.61, 56.34, 2.22, 4.61, 56.34, 2.22, 4.61, 56.34, 2.22, 4.61}

;threshold_per slice for restriction within boundary  := {6.34, 2.22, 4.61, 5, 6.34, 2.22, 4.61, 56.34, 2.22, 4.61, 56.34, 2.22, 4.61, 56.34, 2.22, 4.61, 56.34, 2.22, 4.61, 56.34, 2.22, 4.61, 5,6.34, 2.22, 4.61, 5, 6.34, 2.22, 4.61, 56.34, 2.22, 4.61, 56.34, 2.22, 4.61, 56.34, 2.22, 4.61, 56.34, 2.22, 4.61, 56.34, 2.22, 4.61}
;threshold_per slice for restriction within boundary  := {10000, 10000, 10000, 10000, 10000, 10000, 10000, 10000, 10000, 10000, 10000, 10000, 10000, 10000, 10000, 10000, 10000,10000, 10000, 10000, 10000, 10000, 10000, 10000, 10000,10000,10000,5,10000,10000, 5, 10000, 10000, 10000, 10000, 10000, 10000, 10000, 10000, 10000, 10000, 10000, 10000,10000}
END
