#ring	#detector	#layer	x	y	z
0	0	0	15.65	70.5	-16.75
0	1	0	13.45	70.5	-16.75
0	2	0	11.25	70.5	-16.75
0	3	0	9.05	70.5	-16.75
0	4	0	6.85	70.5	-16.75
0	5	0	4.65	70.5	-16.75
0	6	0	2.45	70.5	-16.75
0	7	0	-0.25	70.5	-16.75
0	8	0	-2.45	70.5	-16.75
0	9	0	-4.65	70.5	-16.75
0	10	0	-6.85	70.5	-16.75
0	11	0	-9.05	70.5	-16.75
0	12	0	-11.25	70.5	-16.75
0	13	0	-13.45	70.5	-16.75
0	14	0	-15.65	70.5	-16.75
0	15	0	-21.6967	68.8798	-16.75
0	16	0	-23.602	67.7798	-16.75
0	17	0	-25.5072	66.6798	-16.75
0	18	0	-27.4125	65.5798	-16.75
0	19	0	-29.3177	64.4798	-16.75
0	20	0	-31.223	63.3798	-16.75
0	21	0	-33.1282	62.2798	-16.75
0	22	0	-35.4665	60.9298	-16.75
0	23	0	-37.3718	59.8298	-16.75
0	24	0	-39.277	58.7298	-16.75
0	25	0	-41.1823	57.6298	-16.75
0	26	0	-43.0875	56.5298	-16.75
0	27	0	-44.9928	55.4298	-16.75
0	28	0	-46.898	54.3298	-16.75
0	29	0	-48.8033	53.2298	-16.75
0	30	0	-53.2298	48.8033	-16.75
0	31	0	-54.3298	46.898	-16.75
0	32	0	-55.4298	44.9928	-16.75
0	33	0	-56.5298	43.0875	-16.75
0	34	0	-57.6298	41.1823	-16.75
0	35	0	-58.7298	39.277	-16.75
0	36	0	-59.8298	37.3718	-16.75
0	37	0	-61.1798	35.0335	-16.75
0	38	0	-62.2798	33.1282	-16.75
0	39	0	-63.3798	31.223	-16.75
0	40	0	-64.4798	29.3177	-16.75
0	41	0	-65.5798	27.4125	-16.75
0	42	0	-66.6798	25.5072	-16.75
0	43	0	-67.7798	23.602	-16.75
0	44	0	-68.8798	21.6967	-16.75
0	45	0	-70.5	15.65	-16.75
0	46	0	-70.5	13.45	-16.75
0	47	0	-70.5	11.25	-16.75
0	48	0	-70.5	9.05	-16.75
0	49	0	-70.5	6.85	-16.75
0	50	0	-70.5	4.65	-16.75
0	51	0	-70.5	2.45	-16.75
0	52	0	-70.5	-0.25	-16.75
0	53	0	-70.5	-2.45	-16.75
0	54	0	-70.5	-4.65	-16.75
0	55	0	-70.5	-6.85	-16.75
0	56	0	-70.5	-9.05	-16.75
0	57	0	-70.5	-11.25	-16.75
0	58	0	-70.5	-13.45	-16.75
0	59	0	-70.5	-15.65	-16.75
0	60	0	-68.8798	-21.6967	-16.75
0	61	0	-67.7798	-23.602	-16.75
0	62	0	-66.6798	-25.5072	-16.75
0	63	0	-65.5798	-27.4125	-16.75
0	64	0	-64.4798	-29.3177	-16.75
0	65	0	-63.3798	-31.223	-16.75
0	66	0	-62.2798	-33.1282	-16.75
0	67	0	-60.9298	-35.4665	-16.75
0	68	0	-59.8298	-37.3718	-16.75
0	69	0	-58.7298	-39.277	-16.75
0	70	0	-57.6298	-41.1823	-16.75
0	71	0	-56.5298	-43.0875	-16.75
0	72	0	-55.4298	-44.9928	-16.75
0	73	0	-54.3298	-46.898	-16.75
0	74	0	-53.2298	-48.8033	-16.75
0	75	0	-48.8033	-53.2298	-16.75
0	76	0	-46.898	-54.3298	-16.75
0	77	0	-44.9928	-55.4298	-16.75
0	78	0	-43.0875	-56.5298	-16.75
0	79	0	-41.1823	-57.6298	-16.75
0	80	0	-39.277	-58.7298	-16.75
0	81	0	-37.3718	-59.8298	-16.75
0	82	0	-35.0335	-61.1798	-16.75
0	83	0	-33.1282	-62.2798	-16.75
0	84	0	-31.223	-63.3798	-16.75
0	85	0	-29.3177	-64.4798	-16.75
0	86	0	-27.4125	-65.5798	-16.75
0	87	0	-25.5072	-66.6798	-16.75
0	88	0	-23.602	-67.7798	-16.75
0	89	0	-21.6967	-68.8798	-16.75
0	90	0	-15.65	-70.5	-16.75
0	91	0	-13.45	-70.5	-16.75
0	92	0	-11.25	-70.5	-16.75
0	93	0	-9.05	-70.5	-16.75
0	94	0	-6.85	-70.5	-16.75
0	95	0	-4.65	-70.5	-16.75
0	96	0	-2.45	-70.5	-16.75
0	97	0	0.25	-70.5	-16.75
0	98	0	2.45	-70.5	-16.75
0	99	0	4.65	-70.5	-16.75
0	100	0	6.85	-70.5	-16.75
0	101	0	9.05	-70.5	-16.75
0	102	0	11.25	-70.5	-16.75
0	103	0	13.45	-70.5	-16.75
0	104	0	15.65	-70.5	-16.75
0	105	0	21.6967	-68.8798	-16.75
0	106	0	23.602	-67.7798	-16.75
0	107	0	25.5072	-66.6798	-16.75
0	108	0	27.4125	-65.5798	-16.75
0	109	0	29.3177	-64.4798	-16.75
0	110	0	31.223	-63.3798	-16.75
0	111	0	33.1282	-62.2798	-16.75
0	112	0	35.4665	-60.9298	-16.75
0	113	0	37.3718	-59.8298	-16.75
0	114	0	39.277	-58.7298	-16.75
0	115	0	41.1823	-57.6298	-16.75
0	116	0	43.0875	-56.5298	-16.75
0	117	0	44.9928	-55.4298	-16.75
0	118	0	46.898	-54.3298	-16.75
0	119	0	48.8033	-53.2298	-16.75
0	120	0	53.2298	-48.8033	-16.75
0	121	0	54.3298	-46.898	-16.75
0	122	0	55.4298	-44.9928	-16.75
0	123	0	56.5298	-43.0875	-16.75
0	124	0	57.6298	-41.1823	-16.75
0	125	0	58.7298	-39.277	-16.75
0	126	0	59.8298	-37.3718	-16.75
0	127	0	61.1798	-35.0335	-16.75
0	128	0	62.2798	-33.1282	-16.75
0	129	0	63.3798	-31.223	-16.75
0	130	0	64.4798	-29.3177	-16.75
0	131	0	65.5798	-27.4125	-16.75
0	132	0	66.6798	-25.5072	-16.75
0	133	0	67.7798	-23.602	-16.75
0	134	0	68.8798	-21.6967	-16.75
0	135	0	70.5	-15.65	-16.75
0	136	0	70.5	-13.45	-16.75
0	137	0	70.5	-11.25	-16.75
0	138	0	70.5	-9.05	-16.75
0	139	0	70.5	-6.85	-16.75
0	140	0	70.5	-4.65	-16.75
0	141	0	70.5	-2.45	-16.75
0	142	0	70.5	0.25	-16.75
0	143	0	70.5	2.45	-16.75
0	144	0	70.5	4.65	-16.75
0	145	0	70.5	6.85	-16.75
0	146	0	70.5	9.05	-16.75
0	147	0	70.5	11.25	-16.75
0	148	0	70.5	13.45	-16.75
0	149	0	70.5	15.65	-16.75
0	150	0	68.8798	21.6967	-16.75
0	151	0	67.7798	23.602	-16.75
0	152	0	66.6798	25.5072	-16.75
0	153	0	65.5798	27.4125	-16.75
0	154	0	64.4798	29.3177	-16.75
0	155	0	63.3798	31.223	-16.75
0	156	0	62.2798	33.1282	-16.75
0	157	0	60.9298	35.4665	-16.75
0	158	0	59.8298	37.3718	-16.75
0	159	0	58.7298	39.277	-16.75
0	160	0	57.6298	41.1823	-16.75
0	161	0	56.5298	43.0875	-16.75
0	162	0	55.4298	44.9928	-16.75
0	163	0	54.3298	46.898	-16.75
0	164	0	53.2298	48.8033	-16.75
0	165	0	48.8033	53.2298	-16.75
0	166	0	46.898	54.3298	-16.75
0	167	0	44.9928	55.4298	-16.75
0	168	0	43.0875	56.5298	-16.75
0	169	0	41.1823	57.6298	-16.75
0	170	0	39.277	58.7298	-16.75
0	171	0	37.3718	59.8298	-16.75
0	172	0	35.0335	61.1798	-16.75
0	173	0	33.1282	62.2798	-16.75
0	174	0	31.223	63.3798	-16.75
0	175	0	29.3177	64.4798	-16.75
0	176	0	27.4125	65.5798	-16.75
0	177	0	25.5072	66.6798	-16.75
0	178	0	23.602	67.7798	-16.75
0	179	0	21.6967	68.8798	-16.75
1	0	0	15.65	70.5	-14.55
1	1	0	13.45	70.5	-14.55
1	2	0	11.25	70.5	-14.55
1	3	0	9.05	70.5	-14.55
1	4	0	6.85	70.5	-14.55
1	5	0	4.65	70.5	-14.55
1	6	0	2.45	70.5	-14.55
1	7	0	-0.25	70.5	-14.55
1	8	0	-2.45	70.5	-14.55
1	9	0	-4.65	70.5	-14.55
1	10	0	-6.85	70.5	-14.55
1	11	0	-9.05	70.5	-14.55
1	12	0	-11.25	70.5	-14.55
1	13	0	-13.45	70.5	-14.55
1	14	0	-15.65	70.5	-14.55
1	15	0	-21.6967	68.8798	-14.55
1	16	0	-23.602	67.7798	-14.55
1	17	0	-25.5072	66.6798	-14.55
1	18	0	-27.4125	65.5798	-14.55
1	19	0	-29.3177	64.4798	-14.55
1	20	0	-31.223	63.3798	-14.55
1	21	0	-33.1282	62.2798	-14.55
1	22	0	-35.4665	60.9298	-14.55
1	23	0	-37.3718	59.8298	-14.55
1	24	0	-39.277	58.7298	-14.55
1	25	0	-41.1823	57.6298	-14.55
1	26	0	-43.0875	56.5298	-14.55
1	27	0	-44.9928	55.4298	-14.55
1	28	0	-46.898	54.3298	-14.55
1	29	0	-48.8033	53.2298	-14.55
1	30	0	-53.2298	48.8033	-14.55
1	31	0	-54.3298	46.898	-14.55
1	32	0	-55.4298	44.9928	-14.55
1	33	0	-56.5298	43.0875	-14.55
1	34	0	-57.6298	41.1823	-14.55
1	35	0	-58.7298	39.277	-14.55
1	36	0	-59.8298	37.3718	-14.55
1	37	0	-61.1798	35.0335	-14.55
1	38	0	-62.2798	33.1282	-14.55
1	39	0	-63.3798	31.223	-14.55
1	40	0	-64.4798	29.3177	-14.55
1	41	0	-65.5798	27.4125	-14.55
1	42	0	-66.6798	25.5072	-14.55
1	43	0	-67.7798	23.602	-14.55
1	44	0	-68.8798	21.6967	-14.55
1	45	0	-70.5	15.65	-14.55
1	46	0	-70.5	13.45	-14.55
1	47	0	-70.5	11.25	-14.55
1	48	0	-70.5	9.05	-14.55
1	49	0	-70.5	6.85	-14.55
1	50	0	-70.5	4.65	-14.55
1	51	0	-70.5	2.45	-14.55
1	52	0	-70.5	-0.25	-14.55
1	53	0	-70.5	-2.45	-14.55
1	54	0	-70.5	-4.65	-14.55
1	55	0	-70.5	-6.85	-14.55
1	56	0	-70.5	-9.05	-14.55
1	57	0	-70.5	-11.25	-14.55
1	58	0	-70.5	-13.45	-14.55
1	59	0	-70.5	-15.65	-14.55
1	60	0	-68.8798	-21.6967	-14.55
1	61	0	-67.7798	-23.602	-14.55
1	62	0	-66.6798	-25.5072	-14.55
1	63	0	-65.5798	-27.4125	-14.55
1	64	0	-64.4798	-29.3177	-14.55
1	65	0	-63.3798	-31.223	-14.55
1	66	0	-62.2798	-33.1282	-14.55
1	67	0	-60.9298	-35.4665	-14.55
1	68	0	-59.8298	-37.3718	-14.55
1	69	0	-58.7298	-39.277	-14.55
1	70	0	-57.6298	-41.1823	-14.55
1	71	0	-56.5298	-43.0875	-14.55
1	72	0	-55.4298	-44.9928	-14.55
1	73	0	-54.3298	-46.898	-14.55
1	74	0	-53.2298	-48.8033	-14.55
1	75	0	-48.8033	-53.2298	-14.55
1	76	0	-46.898	-54.3298	-14.55
1	77	0	-44.9928	-55.4298	-14.55
1	78	0	-43.0875	-56.5298	-14.55
1	79	0	-41.1823	-57.6298	-14.55
1	80	0	-39.277	-58.7298	-14.55
1	81	0	-37.3718	-59.8298	-14.55
1	82	0	-35.0335	-61.1798	-14.55
1	83	0	-33.1282	-62.2798	-14.55
1	84	0	-31.223	-63.3798	-14.55
1	85	0	-29.3177	-64.4798	-14.55
1	86	0	-27.4125	-65.5798	-14.55
1	87	0	-25.5072	-66.6798	-14.55
1	88	0	-23.602	-67.7798	-14.55
1	89	0	-21.6967	-68.8798	-14.55
1	90	0	-15.65	-70.5	-14.55
1	91	0	-13.45	-70.5	-14.55
1	92	0	-11.25	-70.5	-14.55
1	93	0	-9.05	-70.5	-14.55
1	94	0	-6.85	-70.5	-14.55
1	95	0	-4.65	-70.5	-14.55
1	96	0	-2.45	-70.5	-14.55
1	97	0	0.25	-70.5	-14.55
1	98	0	2.45	-70.5	-14.55
1	99	0	4.65	-70.5	-14.55
1	100	0	6.85	-70.5	-14.55
1	101	0	9.05	-70.5	-14.55
1	102	0	11.25	-70.5	-14.55
1	103	0	13.45	-70.5	-14.55
1	104	0	15.65	-70.5	-14.55
1	105	0	21.6967	-68.8798	-14.55
1	106	0	23.602	-67.7798	-14.55
1	107	0	25.5072	-66.6798	-14.55
1	108	0	27.4125	-65.5798	-14.55
1	109	0	29.3177	-64.4798	-14.55
1	110	0	31.223	-63.3798	-14.55
1	111	0	33.1282	-62.2798	-14.55
1	112	0	35.4665	-60.9298	-14.55
1	113	0	37.3718	-59.8298	-14.55
1	114	0	39.277	-58.7298	-14.55
1	115	0	41.1823	-57.6298	-14.55
1	116	0	43.0875	-56.5298	-14.55
1	117	0	44.9928	-55.4298	-14.55
1	118	0	46.898	-54.3298	-14.55
1	119	0	48.8033	-53.2298	-14.55
1	120	0	53.2298	-48.8033	-14.55
1	121	0	54.3298	-46.898	-14.55
1	122	0	55.4298	-44.9928	-14.55
1	123	0	56.5298	-43.0875	-14.55
1	124	0	57.6298	-41.1823	-14.55
1	125	0	58.7298	-39.277	-14.55
1	126	0	59.8298	-37.3718	-14.55
1	127	0	61.1798	-35.0335	-14.55
1	128	0	62.2798	-33.1282	-14.55
1	129	0	63.3798	-31.223	-14.55
1	130	0	64.4798	-29.3177	-14.55
1	131	0	65.5798	-27.4125	-14.55
1	132	0	66.6798	-25.5072	-14.55
1	133	0	67.7798	-23.602	-14.55
1	134	0	68.8798	-21.6967	-14.55
1	135	0	70.5	-15.65	-14.55
1	136	0	70.5	-13.45	-14.55
1	137	0	70.5	-11.25	-14.55
1	138	0	70.5	-9.05	-14.55
1	139	0	70.5	-6.85	-14.55
1	140	0	70.5	-4.65	-14.55
1	141	0	70.5	-2.45	-14.55
1	142	0	70.5	0.25	-14.55
1	143	0	70.5	2.45	-14.55
1	144	0	70.5	4.65	-14.55
1	145	0	70.5	6.85	-14.55
1	146	0	70.5	9.05	-14.55
1	147	0	70.5	11.25	-14.55
1	148	0	70.5	13.45	-14.55
1	149	0	70.5	15.65	-14.55
1	150	0	68.8798	21.6967	-14.55
1	151	0	67.7798	23.602	-14.55
1	152	0	66.6798	25.5072	-14.55
1	153	0	65.5798	27.4125	-14.55
1	154	0	64.4798	29.3177	-14.55
1	155	0	63.3798	31.223	-14.55
1	156	0	62.2798	33.1282	-14.55
1	157	0	60.9298	35.4665	-14.55
1	158	0	59.8298	37.3718	-14.55
1	159	0	58.7298	39.277	-14.55
1	160	0	57.6298	41.1823	-14.55
1	161	0	56.5298	43.0875	-14.55
1	162	0	55.4298	44.9928	-14.55
1	163	0	54.3298	46.898	-14.55
1	164	0	53.2298	48.8033	-14.55
1	165	0	48.8033	53.2298	-14.55
1	166	0	46.898	54.3298	-14.55
1	167	0	44.9928	55.4298	-14.55
1	168	0	43.0875	56.5298	-14.55
1	169	0	41.1823	57.6298	-14.55
1	170	0	39.277	58.7298	-14.55
1	171	0	37.3718	59.8298	-14.55
1	172	0	35.0335	61.1798	-14.55
1	173	0	33.1282	62.2798	-14.55
1	174	0	31.223	63.3798	-14.55
1	175	0	29.3177	64.4798	-14.55
1	176	0	27.4125	65.5798	-14.55
1	177	0	25.5072	66.6798	-14.55
1	178	0	23.602	67.7798	-14.55
1	179	0	21.6967	68.8798	-14.55
2	0	0	15.65	70.5	-12.35
2	1	0	13.45	70.5	-12.35
2	2	0	11.25	70.5	-12.35
2	3	0	9.05	70.5	-12.35
2	4	0	6.85	70.5	-12.35
2	5	0	4.65	70.5	-12.35
2	6	0	2.45	70.5	-12.35
2	7	0	-0.25	70.5	-12.35
2	8	0	-2.45	70.5	-12.35
2	9	0	-4.65	70.5	-12.35
2	10	0	-6.85	70.5	-12.35
2	11	0	-9.05	70.5	-12.35
2	12	0	-11.25	70.5	-12.35
2	13	0	-13.45	70.5	-12.35
2	14	0	-15.65	70.5	-12.35
2	15	0	-21.6967	68.8798	-12.35
2	16	0	-23.602	67.7798	-12.35
2	17	0	-25.5072	66.6798	-12.35
2	18	0	-27.4125	65.5798	-12.35
2	19	0	-29.3177	64.4798	-12.35
2	20	0	-31.223	63.3798	-12.35
2	21	0	-33.1282	62.2798	-12.35
2	22	0	-35.4665	60.9298	-12.35
2	23	0	-37.3718	59.8298	-12.35
2	24	0	-39.277	58.7298	-12.35
2	25	0	-41.1823	57.6298	-12.35
2	26	0	-43.0875	56.5298	-12.35
2	27	0	-44.9928	55.4298	-12.35
2	28	0	-46.898	54.3298	-12.35
2	29	0	-48.8033	53.2298	-12.35
2	30	0	-53.2298	48.8033	-12.35
2	31	0	-54.3298	46.898	-12.35
2	32	0	-55.4298	44.9928	-12.35
2	33	0	-56.5298	43.0875	-12.35
2	34	0	-57.6298	41.1823	-12.35
2	35	0	-58.7298	39.277	-12.35
2	36	0	-59.8298	37.3718	-12.35
2	37	0	-61.1798	35.0335	-12.35
2	38	0	-62.2798	33.1282	-12.35
2	39	0	-63.3798	31.223	-12.35
2	40	0	-64.4798	29.3177	-12.35
2	41	0	-65.5798	27.4125	-12.35
2	42	0	-66.6798	25.5072	-12.35
2	43	0	-67.7798	23.602	-12.35
2	44	0	-68.8798	21.6967	-12.35
2	45	0	-70.5	15.65	-12.35
2	46	0	-70.5	13.45	-12.35
2	47	0	-70.5	11.25	-12.35
2	48	0	-70.5	9.05	-12.35
2	49	0	-70.5	6.85	-12.35
2	50	0	-70.5	4.65	-12.35
2	51	0	-70.5	2.45	-12.35
2	52	0	-70.5	-0.25	-12.35
2	53	0	-70.5	-2.45	-12.35
2	54	0	-70.5	-4.65	-12.35
2	55	0	-70.5	-6.85	-12.35
2	56	0	-70.5	-9.05	-12.35
2	57	0	-70.5	-11.25	-12.35
2	58	0	-70.5	-13.45	-12.35
2	59	0	-70.5	-15.65	-12.35
2	60	0	-68.8798	-21.6967	-12.35
2	61	0	-67.7798	-23.602	-12.35
2	62	0	-66.6798	-25.5072	-12.35
2	63	0	-65.5798	-27.4125	-12.35
2	64	0	-64.4798	-29.3177	-12.35
2	65	0	-63.3798	-31.223	-12.35
2	66	0	-62.2798	-33.1282	-12.35
2	67	0	-60.9298	-35.4665	-12.35
2	68	0	-59.8298	-37.3718	-12.35
2	69	0	-58.7298	-39.277	-12.35
2	70	0	-57.6298	-41.1823	-12.35
2	71	0	-56.5298	-43.0875	-12.35
2	72	0	-55.4298	-44.9928	-12.35
2	73	0	-54.3298	-46.898	-12.35
2	74	0	-53.2298	-48.8033	-12.35
2	75	0	-48.8033	-53.2298	-12.35
2	76	0	-46.898	-54.3298	-12.35
2	77	0	-44.9928	-55.4298	-12.35
2	78	0	-43.0875	-56.5298	-12.35
2	79	0	-41.1823	-57.6298	-12.35
2	80	0	-39.277	-58.7298	-12.35
2	81	0	-37.3718	-59.8298	-12.35
2	82	0	-35.0335	-61.1798	-12.35
2	83	0	-33.1282	-62.2798	-12.35
2	84	0	-31.223	-63.3798	-12.35
2	85	0	-29.3177	-64.4798	-12.35
2	86	0	-27.4125	-65.5798	-12.35
2	87	0	-25.5072	-66.6798	-12.35
2	88	0	-23.602	-67.7798	-12.35
2	89	0	-21.6967	-68.8798	-12.35
2	90	0	-15.65	-70.5	-12.35
2	91	0	-13.45	-70.5	-12.35
2	92	0	-11.25	-70.5	-12.35
2	93	0	-9.05	-70.5	-12.35
2	94	0	-6.85	-70.5	-12.35
2	95	0	-4.65	-70.5	-12.35
2	96	0	-2.45	-70.5	-12.35
2	97	0	0.25	-70.5	-12.35
2	98	0	2.45	-70.5	-12.35
2	99	0	4.65	-70.5	-12.35
2	100	0	6.85	-70.5	-12.35
2	101	0	9.05	-70.5	-12.35
2	102	0	11.25	-70.5	-12.35
2	103	0	13.45	-70.5	-12.35
2	104	0	15.65	-70.5	-12.35
2	105	0	21.6967	-68.8798	-12.35
2	106	0	23.602	-67.7798	-12.35
2	107	0	25.5072	-66.6798	-12.35
2	108	0	27.4125	-65.5798	-12.35
2	109	0	29.3177	-64.4798	-12.35
2	110	0	31.223	-63.3798	-12.35
2	111	0	33.1282	-62.2798	-12.35
2	112	0	35.4665	-60.9298	-12.35
2	113	0	37.3718	-59.8298	-12.35
2	114	0	39.277	-58.7298	-12.35
2	115	0	41.1823	-57.6298	-12.35
2	116	0	43.0875	-56.5298	-12.35
2	117	0	44.9928	-55.4298	-12.35
2	118	0	46.898	-54.3298	-12.35
2	119	0	48.8033	-53.2298	-12.35
2	120	0	53.2298	-48.8033	-12.35
2	121	0	54.3298	-46.898	-12.35
2	122	0	55.4298	-44.9928	-12.35
2	123	0	56.5298	-43.0875	-12.35
2	124	0	57.6298	-41.1823	-12.35
2	125	0	58.7298	-39.277	-12.35
2	126	0	59.8298	-37.3718	-12.35
2	127	0	61.1798	-35.0335	-12.35
2	128	0	62.2798	-33.1282	-12.35
2	129	0	63.3798	-31.223	-12.35
2	130	0	64.4798	-29.3177	-12.35
2	131	0	65.5798	-27.4125	-12.35
2	132	0	66.6798	-25.5072	-12.35
2	133	0	67.7798	-23.602	-12.35
2	134	0	68.8798	-21.6967	-12.35
2	135	0	70.5	-15.65	-12.35
2	136	0	70.5	-13.45	-12.35
2	137	0	70.5	-11.25	-12.35
2	138	0	70.5	-9.05	-12.35
2	139	0	70.5	-6.85	-12.35
2	140	0	70.5	-4.65	-12.35
2	141	0	70.5	-2.45	-12.35
2	142	0	70.5	0.25	-12.35
2	143	0	70.5	2.45	-12.35
2	144	0	70.5	4.65	-12.35
2	145	0	70.5	6.85	-12.35
2	146	0	70.5	9.05	-12.35
2	147	0	70.5	11.25	-12.35
2	148	0	70.5	13.45	-12.35
2	149	0	70.5	15.65	-12.35
2	150	0	68.8798	21.6967	-12.35
2	151	0	67.7798	23.602	-12.35
2	152	0	66.6798	25.5072	-12.35
2	153	0	65.5798	27.4125	-12.35
2	154	0	64.4798	29.3177	-12.35
2	155	0	63.3798	31.223	-12.35
2	156	0	62.2798	33.1282	-12.35
2	157	0	60.9298	35.4665	-12.35
2	158	0	59.8298	37.3718	-12.35
2	159	0	58.7298	39.277	-12.35
2	160	0	57.6298	41.1823	-12.35
2	161	0	56.5298	43.0875	-12.35
2	162	0	55.4298	44.9928	-12.35
2	163	0	54.3298	46.898	-12.35
2	164	0	53.2298	48.8033	-12.35
2	165	0	48.8033	53.2298	-12.35
2	166	0	46.898	54.3298	-12.35
2	167	0	44.9928	55.4298	-12.35
2	168	0	43.0875	56.5298	-12.35
2	169	0	41.1823	57.6298	-12.35
2	170	0	39.277	58.7298	-12.35
2	171	0	37.3718	59.8298	-12.35
2	172	0	35.0335	61.1798	-12.35
2	173	0	33.1282	62.2798	-12.35
2	174	0	31.223	63.3798	-12.35
2	175	0	29.3177	64.4798	-12.35
2	176	0	27.4125	65.5798	-12.35
2	177	0	25.5072	66.6798	-12.35
2	178	0	23.602	67.7798	-12.35
2	179	0	21.6967	68.8798	-12.35
3	0	0	15.65	70.5	-10.15
3	1	0	13.45	70.5	-10.15
3	2	0	11.25	70.5	-10.15
3	3	0	9.05	70.5	-10.15
3	4	0	6.85	70.5	-10.15
3	5	0	4.65	70.5	-10.15
3	6	0	2.45	70.5	-10.15
3	7	0	-0.25	70.5	-10.15
3	8	0	-2.45	70.5	-10.15
3	9	0	-4.65	70.5	-10.15
3	10	0	-6.85	70.5	-10.15
3	11	0	-9.05	70.5	-10.15
3	12	0	-11.25	70.5	-10.15
3	13	0	-13.45	70.5	-10.15
3	14	0	-15.65	70.5	-10.15
3	15	0	-21.6967	68.8798	-10.15
3	16	0	-23.602	67.7798	-10.15
3	17	0	-25.5072	66.6798	-10.15
3	18	0	-27.4125	65.5798	-10.15
3	19	0	-29.3177	64.4798	-10.15
3	20	0	-31.223	63.3798	-10.15
3	21	0	-33.1282	62.2798	-10.15
3	22	0	-35.4665	60.9298	-10.15
3	23	0	-37.3718	59.8298	-10.15
3	24	0	-39.277	58.7298	-10.15
3	25	0	-41.1823	57.6298	-10.15
3	26	0	-43.0875	56.5298	-10.15
3	27	0	-44.9928	55.4298	-10.15
3	28	0	-46.898	54.3298	-10.15
3	29	0	-48.8033	53.2298	-10.15
3	30	0	-53.2298	48.8033	-10.15
3	31	0	-54.3298	46.898	-10.15
3	32	0	-55.4298	44.9928	-10.15
3	33	0	-56.5298	43.0875	-10.15
3	34	0	-57.6298	41.1823	-10.15
3	35	0	-58.7298	39.277	-10.15
3	36	0	-59.8298	37.3718	-10.15
3	37	0	-61.1798	35.0335	-10.15
3	38	0	-62.2798	33.1282	-10.15
3	39	0	-63.3798	31.223	-10.15
3	40	0	-64.4798	29.3177	-10.15
3	41	0	-65.5798	27.4125	-10.15
3	42	0	-66.6798	25.5072	-10.15
3	43	0	-67.7798	23.602	-10.15
3	44	0	-68.8798	21.6967	-10.15
3	45	0	-70.5	15.65	-10.15
3	46	0	-70.5	13.45	-10.15
3	47	0	-70.5	11.25	-10.15
3	48	0	-70.5	9.05	-10.15
3	49	0	-70.5	6.85	-10.15
3	50	0	-70.5	4.65	-10.15
3	51	0	-70.5	2.45	-10.15
3	52	0	-70.5	-0.25	-10.15
3	53	0	-70.5	-2.45	-10.15
3	54	0	-70.5	-4.65	-10.15
3	55	0	-70.5	-6.85	-10.15
3	56	0	-70.5	-9.05	-10.15
3	57	0	-70.5	-11.25	-10.15
3	58	0	-70.5	-13.45	-10.15
3	59	0	-70.5	-15.65	-10.15
3	60	0	-68.8798	-21.6967	-10.15
3	61	0	-67.7798	-23.602	-10.15
3	62	0	-66.6798	-25.5072	-10.15
3	63	0	-65.5798	-27.4125	-10.15
3	64	0	-64.4798	-29.3177	-10.15
3	65	0	-63.3798	-31.223	-10.15
3	66	0	-62.2798	-33.1282	-10.15
3	67	0	-60.9298	-35.4665	-10.15
3	68	0	-59.8298	-37.3718	-10.15
3	69	0	-58.7298	-39.277	-10.15
3	70	0	-57.6298	-41.1823	-10.15
3	71	0	-56.5298	-43.0875	-10.15
3	72	0	-55.4298	-44.9928	-10.15
3	73	0	-54.3298	-46.898	-10.15
3	74	0	-53.2298	-48.8033	-10.15
3	75	0	-48.8033	-53.2298	-10.15
3	76	0	-46.898	-54.3298	-10.15
3	77	0	-44.9928	-55.4298	-10.15
3	78	0	-43.0875	-56.5298	-10.15
3	79	0	-41.1823	-57.6298	-10.15
3	80	0	-39.277	-58.7298	-10.15
3	81	0	-37.3718	-59.8298	-10.15
3	82	0	-35.0335	-61.1798	-10.15
3	83	0	-33.1282	-62.2798	-10.15
3	84	0	-31.223	-63.3798	-10.15
3	85	0	-29.3177	-64.4798	-10.15
3	86	0	-27.4125	-65.5798	-10.15
3	87	0	-25.5072	-66.6798	-10.15
3	88	0	-23.602	-67.7798	-10.15
3	89	0	-21.6967	-68.8798	-10.15
3	90	0	-15.65	-70.5	-10.15
3	91	0	-13.45	-70.5	-10.15
3	92	0	-11.25	-70.5	-10.15
3	93	0	-9.05	-70.5	-10.15
3	94	0	-6.85	-70.5	-10.15
3	95	0	-4.65	-70.5	-10.15
3	96	0	-2.45	-70.5	-10.15
3	97	0	0.25	-70.5	-10.15
3	98	0	2.45	-70.5	-10.15
3	99	0	4.65	-70.5	-10.15
3	100	0	6.85	-70.5	-10.15
3	101	0	9.05	-70.5	-10.15
3	102	0	11.25	-70.5	-10.15
3	103	0	13.45	-70.5	-10.15
3	104	0	15.65	-70.5	-10.15
3	105	0	21.6967	-68.8798	-10.15
3	106	0	23.602	-67.7798	-10.15
3	107	0	25.5072	-66.6798	-10.15
3	108	0	27.4125	-65.5798	-10.15
3	109	0	29.3177	-64.4798	-10.15
3	110	0	31.223	-63.3798	-10.15
3	111	0	33.1282	-62.2798	-10.15
3	112	0	35.4665	-60.9298	-10.15
3	113	0	37.3718	-59.8298	-10.15
3	114	0	39.277	-58.7298	-10.15
3	115	0	41.1823	-57.6298	-10.15
3	116	0	43.0875	-56.5298	-10.15
3	117	0	44.9928	-55.4298	-10.15
3	118	0	46.898	-54.3298	-10.15
3	119	0	48.8033	-53.2298	-10.15
3	120	0	53.2298	-48.8033	-10.15
3	121	0	54.3298	-46.898	-10.15
3	122	0	55.4298	-44.9928	-10.15
3	123	0	56.5298	-43.0875	-10.15
3	124	0	57.6298	-41.1823	-10.15
3	125	0	58.7298	-39.277	-10.15
3	126	0	59.8298	-37.3718	-10.15
3	127	0	61.1798	-35.0335	-10.15
3	128	0	62.2798	-33.1282	-10.15
3	129	0	63.3798	-31.223	-10.15
3	130	0	64.4798	-29.3177	-10.15
3	131	0	65.5798	-27.4125	-10.15
3	132	0	66.6798	-25.5072	-10.15
3	133	0	67.7798	-23.602	-10.15
3	134	0	68.8798	-21.6967	-10.15
3	135	0	70.5	-15.65	-10.15
3	136	0	70.5	-13.45	-10.15
3	137	0	70.5	-11.25	-10.15
3	138	0	70.5	-9.05	-10.15
3	139	0	70.5	-6.85	-10.15
3	140	0	70.5	-4.65	-10.15
3	141	0	70.5	-2.45	-10.15
3	142	0	70.5	0.25	-10.15
3	143	0	70.5	2.45	-10.15
3	144	0	70.5	4.65	-10.15
3	145	0	70.5	6.85	-10.15
3	146	0	70.5	9.05	-10.15
3	147	0	70.5	11.25	-10.15
3	148	0	70.5	13.45	-10.15
3	149	0	70.5	15.65	-10.15
3	150	0	68.8798	21.6967	-10.15
3	151	0	67.7798	23.602	-10.15
3	152	0	66.6798	25.5072	-10.15
3	153	0	65.5798	27.4125	-10.15
3	154	0	64.4798	29.3177	-10.15
3	155	0	63.3798	31.223	-10.15
3	156	0	62.2798	33.1282	-10.15
3	157	0	60.9298	35.4665	-10.15
3	158	0	59.8298	37.3718	-10.15
3	159	0	58.7298	39.277	-10.15
3	160	0	57.6298	41.1823	-10.15
3	161	0	56.5298	43.0875	-10.15
3	162	0	55.4298	44.9928	-10.15
3	163	0	54.3298	46.898	-10.15
3	164	0	53.2298	48.8033	-10.15
3	165	0	48.8033	53.2298	-10.15
3	166	0	46.898	54.3298	-10.15
3	167	0	44.9928	55.4298	-10.15
3	168	0	43.0875	56.5298	-10.15
3	169	0	41.1823	57.6298	-10.15
3	170	0	39.277	58.7298	-10.15
3	171	0	37.3718	59.8298	-10.15
3	172	0	35.0335	61.1798	-10.15
3	173	0	33.1282	62.2798	-10.15
3	174	0	31.223	63.3798	-10.15
3	175	0	29.3177	64.4798	-10.15
3	176	0	27.4125	65.5798	-10.15
3	177	0	25.5072	66.6798	-10.15
3	178	0	23.602	67.7798	-10.15
3	179	0	21.6967	68.8798	-10.15
4	0	0	15.65	70.5	-7.95
4	1	0	13.45	70.5	-7.95
4	2	0	11.25	70.5	-7.95
4	3	0	9.05	70.5	-7.95
4	4	0	6.85	70.5	-7.95
4	5	0	4.65	70.5	-7.95
4	6	0	2.45	70.5	-7.95
4	7	0	-0.25	70.5	-7.95
4	8	0	-2.45	70.5	-7.95
4	9	0	-4.65	70.5	-7.95
4	10	0	-6.85	70.5	-7.95
4	11	0	-9.05	70.5	-7.95
4	12	0	-11.25	70.5	-7.95
4	13	0	-13.45	70.5	-7.95
4	14	0	-15.65	70.5	-7.95
4	15	0	-21.6967	68.8798	-7.95
4	16	0	-23.602	67.7798	-7.95
4	17	0	-25.5072	66.6798	-7.95
4	18	0	-27.4125	65.5798	-7.95
4	19	0	-29.3177	64.4798	-7.95
4	20	0	-31.223	63.3798	-7.95
4	21	0	-33.1282	62.2798	-7.95
4	22	0	-35.4665	60.9298	-7.95
4	23	0	-37.3718	59.8298	-7.95
4	24	0	-39.277	58.7298	-7.95
4	25	0	-41.1823	57.6298	-7.95
4	26	0	-43.0875	56.5298	-7.95
4	27	0	-44.9928	55.4298	-7.95
4	28	0	-46.898	54.3298	-7.95
4	29	0	-48.8033	53.2298	-7.95
4	30	0	-53.2298	48.8033	-7.95
4	31	0	-54.3298	46.898	-7.95
4	32	0	-55.4298	44.9928	-7.95
4	33	0	-56.5298	43.0875	-7.95
4	34	0	-57.6298	41.1823	-7.95
4	35	0	-58.7298	39.277	-7.95
4	36	0	-59.8298	37.3718	-7.95
4	37	0	-61.1798	35.0335	-7.95
4	38	0	-62.2798	33.1282	-7.95
4	39	0	-63.3798	31.223	-7.95
4	40	0	-64.4798	29.3177	-7.95
4	41	0	-65.5798	27.4125	-7.95
4	42	0	-66.6798	25.5072	-7.95
4	43	0	-67.7798	23.602	-7.95
4	44	0	-68.8798	21.6967	-7.95
4	45	0	-70.5	15.65	-7.95
4	46	0	-70.5	13.45	-7.95
4	47	0	-70.5	11.25	-7.95
4	48	0	-70.5	9.05	-7.95
4	49	0	-70.5	6.85	-7.95
4	50	0	-70.5	4.65	-7.95
4	51	0	-70.5	2.45	-7.95
4	52	0	-70.5	-0.25	-7.95
4	53	0	-70.5	-2.45	-7.95
4	54	0	-70.5	-4.65	-7.95
4	55	0	-70.5	-6.85	-7.95
4	56	0	-70.5	-9.05	-7.95
4	57	0	-70.5	-11.25	-7.95
4	58	0	-70.5	-13.45	-7.95
4	59	0	-70.5	-15.65	-7.95
4	60	0	-68.8798	-21.6967	-7.95
4	61	0	-67.7798	-23.602	-7.95
4	62	0	-66.6798	-25.5072	-7.95
4	63	0	-65.5798	-27.4125	-7.95
4	64	0	-64.4798	-29.3177	-7.95
4	65	0	-63.3798	-31.223	-7.95
4	66	0	-62.2798	-33.1282	-7.95
4	67	0	-60.9298	-35.4665	-7.95
4	68	0	-59.8298	-37.3718	-7.95
4	69	0	-58.7298	-39.277	-7.95
4	70	0	-57.6298	-41.1823	-7.95
4	71	0	-56.5298	-43.0875	-7.95
4	72	0	-55.4298	-44.9928	-7.95
4	73	0	-54.3298	-46.898	-7.95
4	74	0	-53.2298	-48.8033	-7.95
4	75	0	-48.8033	-53.2298	-7.95
4	76	0	-46.898	-54.3298	-7.95
4	77	0	-44.9928	-55.4298	-7.95
4	78	0	-43.0875	-56.5298	-7.95
4	79	0	-41.1823	-57.6298	-7.95
4	80	0	-39.277	-58.7298	-7.95
4	81	0	-37.3718	-59.8298	-7.95
4	82	0	-35.0335	-61.1798	-7.95
4	83	0	-33.1282	-62.2798	-7.95
4	84	0	-31.223	-63.3798	-7.95
4	85	0	-29.3177	-64.4798	-7.95
4	86	0	-27.4125	-65.5798	-7.95
4	87	0	-25.5072	-66.6798	-7.95
4	88	0	-23.602	-67.7798	-7.95
4	89	0	-21.6967	-68.8798	-7.95
4	90	0	-15.65	-70.5	-7.95
4	91	0	-13.45	-70.5	-7.95
4	92	0	-11.25	-70.5	-7.95
4	93	0	-9.05	-70.5	-7.95
4	94	0	-6.85	-70.5	-7.95
4	95	0	-4.65	-70.5	-7.95
4	96	0	-2.45	-70.5	-7.95
4	97	0	0.25	-70.5	-7.95
4	98	0	2.45	-70.5	-7.95
4	99	0	4.65	-70.5	-7.95
4	100	0	6.85	-70.5	-7.95
4	101	0	9.05	-70.5	-7.95
4	102	0	11.25	-70.5	-7.95
4	103	0	13.45	-70.5	-7.95
4	104	0	15.65	-70.5	-7.95
4	105	0	21.6967	-68.8798	-7.95
4	106	0	23.602	-67.7798	-7.95
4	107	0	25.5072	-66.6798	-7.95
4	108	0	27.4125	-65.5798	-7.95
4	109	0	29.3177	-64.4798	-7.95
4	110	0	31.223	-63.3798	-7.95
4	111	0	33.1282	-62.2798	-7.95
4	112	0	35.4665	-60.9298	-7.95
4	113	0	37.3718	-59.8298	-7.95
4	114	0	39.277	-58.7298	-7.95
4	115	0	41.1823	-57.6298	-7.95
4	116	0	43.0875	-56.5298	-7.95
4	117	0	44.9928	-55.4298	-7.95
4	118	0	46.898	-54.3298	-7.95
4	119	0	48.8033	-53.2298	-7.95
4	120	0	53.2298	-48.8033	-7.95
4	121	0	54.3298	-46.898	-7.95
4	122	0	55.4298	-44.9928	-7.95
4	123	0	56.5298	-43.0875	-7.95
4	124	0	57.6298	-41.1823	-7.95
4	125	0	58.7298	-39.277	-7.95
4	126	0	59.8298	-37.3718	-7.95
4	127	0	61.1798	-35.0335	-7.95
4	128	0	62.2798	-33.1282	-7.95
4	129	0	63.3798	-31.223	-7.95
4	130	0	64.4798	-29.3177	-7.95
4	131	0	65.5798	-27.4125	-7.95
4	132	0	66.6798	-25.5072	-7.95
4	133	0	67.7798	-23.602	-7.95
4	134	0	68.8798	-21.6967	-7.95
4	135	0	70.5	-15.65	-7.95
4	136	0	70.5	-13.45	-7.95
4	137	0	70.5	-11.25	-7.95
4	138	0	70.5	-9.05	-7.95
4	139	0	70.5	-6.85	-7.95
4	140	0	70.5	-4.65	-7.95
4	141	0	70.5	-2.45	-7.95
4	142	0	70.5	0.25	-7.95
4	143	0	70.5	2.45	-7.95
4	144	0	70.5	4.65	-7.95
4	145	0	70.5	6.85	-7.95
4	146	0	70.5	9.05	-7.95
4	147	0	70.5	11.25	-7.95
4	148	0	70.5	13.45	-7.95
4	149	0	70.5	15.65	-7.95
4	150	0	68.8798	21.6967	-7.95
4	151	0	67.7798	23.602	-7.95
4	152	0	66.6798	25.5072	-7.95
4	153	0	65.5798	27.4125	-7.95
4	154	0	64.4798	29.3177	-7.95
4	155	0	63.3798	31.223	-7.95
4	156	0	62.2798	33.1282	-7.95
4	157	0	60.9298	35.4665	-7.95
4	158	0	59.8298	37.3718	-7.95
4	159	0	58.7298	39.277	-7.95
4	160	0	57.6298	41.1823	-7.95
4	161	0	56.5298	43.0875	-7.95
4	162	0	55.4298	44.9928	-7.95
4	163	0	54.3298	46.898	-7.95
4	164	0	53.2298	48.8033	-7.95
4	165	0	48.8033	53.2298	-7.95
4	166	0	46.898	54.3298	-7.95
4	167	0	44.9928	55.4298	-7.95
4	168	0	43.0875	56.5298	-7.95
4	169	0	41.1823	57.6298	-7.95
4	170	0	39.277	58.7298	-7.95
4	171	0	37.3718	59.8298	-7.95
4	172	0	35.0335	61.1798	-7.95
4	173	0	33.1282	62.2798	-7.95
4	174	0	31.223	63.3798	-7.95
4	175	0	29.3177	64.4798	-7.95
4	176	0	27.4125	65.5798	-7.95
4	177	0	25.5072	66.6798	-7.95
4	178	0	23.602	67.7798	-7.95
4	179	0	21.6967	68.8798	-7.95
5	0	0	15.65	70.5	-5.75
5	1	0	13.45	70.5	-5.75
5	2	0	11.25	70.5	-5.75
5	3	0	9.05	70.5	-5.75
5	4	0	6.85	70.5	-5.75
5	5	0	4.65	70.5	-5.75
5	6	0	2.45	70.5	-5.75
5	7	0	-0.25	70.5	-5.75
5	8	0	-2.45	70.5	-5.75
5	9	0	-4.65	70.5	-5.75
5	10	0	-6.85	70.5	-5.75
5	11	0	-9.05	70.5	-5.75
5	12	0	-11.25	70.5	-5.75
5	13	0	-13.45	70.5	-5.75
5	14	0	-15.65	70.5	-5.75
5	15	0	-21.6967	68.8798	-5.75
5	16	0	-23.602	67.7798	-5.75
5	17	0	-25.5072	66.6798	-5.75
5	18	0	-27.4125	65.5798	-5.75
5	19	0	-29.3177	64.4798	-5.75
5	20	0	-31.223	63.3798	-5.75
5	21	0	-33.1282	62.2798	-5.75
5	22	0	-35.4665	60.9298	-5.75
5	23	0	-37.3718	59.8298	-5.75
5	24	0	-39.277	58.7298	-5.75
5	25	0	-41.1823	57.6298	-5.75
5	26	0	-43.0875	56.5298	-5.75
5	27	0	-44.9928	55.4298	-5.75
5	28	0	-46.898	54.3298	-5.75
5	29	0	-48.8033	53.2298	-5.75
5	30	0	-53.2298	48.8033	-5.75
5	31	0	-54.3298	46.898	-5.75
5	32	0	-55.4298	44.9928	-5.75
5	33	0	-56.5298	43.0875	-5.75
5	34	0	-57.6298	41.1823	-5.75
5	35	0	-58.7298	39.277	-5.75
5	36	0	-59.8298	37.3718	-5.75
5	37	0	-61.1798	35.0335	-5.75
5	38	0	-62.2798	33.1282	-5.75
5	39	0	-63.3798	31.223	-5.75
5	40	0	-64.4798	29.3177	-5.75
5	41	0	-65.5798	27.4125	-5.75
5	42	0	-66.6798	25.5072	-5.75
5	43	0	-67.7798	23.602	-5.75
5	44	0	-68.8798	21.6967	-5.75
5	45	0	-70.5	15.65	-5.75
5	46	0	-70.5	13.45	-5.75
5	47	0	-70.5	11.25	-5.75
5	48	0	-70.5	9.05	-5.75
5	49	0	-70.5	6.85	-5.75
5	50	0	-70.5	4.65	-5.75
5	51	0	-70.5	2.45	-5.75
5	52	0	-70.5	-0.25	-5.75
5	53	0	-70.5	-2.45	-5.75
5	54	0	-70.5	-4.65	-5.75
5	55	0	-70.5	-6.85	-5.75
5	56	0	-70.5	-9.05	-5.75
5	57	0	-70.5	-11.25	-5.75
5	58	0	-70.5	-13.45	-5.75
5	59	0	-70.5	-15.65	-5.75
5	60	0	-68.8798	-21.6967	-5.75
5	61	0	-67.7798	-23.602	-5.75
5	62	0	-66.6798	-25.5072	-5.75
5	63	0	-65.5798	-27.4125	-5.75
5	64	0	-64.4798	-29.3177	-5.75
5	65	0	-63.3798	-31.223	-5.75
5	66	0	-62.2798	-33.1282	-5.75
5	67	0	-60.9298	-35.4665	-5.75
5	68	0	-59.8298	-37.3718	-5.75
5	69	0	-58.7298	-39.277	-5.75
5	70	0	-57.6298	-41.1823	-5.75
5	71	0	-56.5298	-43.0875	-5.75
5	72	0	-55.4298	-44.9928	-5.75
5	73	0	-54.3298	-46.898	-5.75
5	74	0	-53.2298	-48.8033	-5.75
5	75	0	-48.8033	-53.2298	-5.75
5	76	0	-46.898	-54.3298	-5.75
5	77	0	-44.9928	-55.4298	-5.75
5	78	0	-43.0875	-56.5298	-5.75
5	79	0	-41.1823	-57.6298	-5.75
5	80	0	-39.277	-58.7298	-5.75
5	81	0	-37.3718	-59.8298	-5.75
5	82	0	-35.0335	-61.1798	-5.75
5	83	0	-33.1282	-62.2798	-5.75
5	84	0	-31.223	-63.3798	-5.75
5	85	0	-29.3177	-64.4798	-5.75
5	86	0	-27.4125	-65.5798	-5.75
5	87	0	-25.5072	-66.6798	-5.75
5	88	0	-23.602	-67.7798	-5.75
5	89	0	-21.6967	-68.8798	-5.75
5	90	0	-15.65	-70.5	-5.75
5	91	0	-13.45	-70.5	-5.75
5	92	0	-11.25	-70.5	-5.75
5	93	0	-9.05	-70.5	-5.75
5	94	0	-6.85	-70.5	-5.75
5	95	0	-4.65	-70.5	-5.75
5	96	0	-2.45	-70.5	-5.75
5	97	0	0.25	-70.5	-5.75
5	98	0	2.45	-70.5	-5.75
5	99	0	4.65	-70.5	-5.75
5	100	0	6.85	-70.5	-5.75
5	101	0	9.05	-70.5	-5.75
5	102	0	11.25	-70.5	-5.75
5	103	0	13.45	-70.5	-5.75
5	104	0	15.65	-70.5	-5.75
5	105	0	21.6967	-68.8798	-5.75
5	106	0	23.602	-67.7798	-5.75
5	107	0	25.5072	-66.6798	-5.75
5	108	0	27.4125	-65.5798	-5.75
5	109	0	29.3177	-64.4798	-5.75
5	110	0	31.223	-63.3798	-5.75
5	111	0	33.1282	-62.2798	-5.75
5	112	0	35.4665	-60.9298	-5.75
5	113	0	37.3718	-59.8298	-5.75
5	114	0	39.277	-58.7298	-5.75
5	115	0	41.1823	-57.6298	-5.75
5	116	0	43.0875	-56.5298	-5.75
5	117	0	44.9928	-55.4298	-5.75
5	118	0	46.898	-54.3298	-5.75
5	119	0	48.8033	-53.2298	-5.75
5	120	0	53.2298	-48.8033	-5.75
5	121	0	54.3298	-46.898	-5.75
5	122	0	55.4298	-44.9928	-5.75
5	123	0	56.5298	-43.0875	-5.75
5	124	0	57.6298	-41.1823	-5.75
5	125	0	58.7298	-39.277	-5.75
5	126	0	59.8298	-37.3718	-5.75
5	127	0	61.1798	-35.0335	-5.75
5	128	0	62.2798	-33.1282	-5.75
5	129	0	63.3798	-31.223	-5.75
5	130	0	64.4798	-29.3177	-5.75
5	131	0	65.5798	-27.4125	-5.75
5	132	0	66.6798	-25.5072	-5.75
5	133	0	67.7798	-23.602	-5.75
5	134	0	68.8798	-21.6967	-5.75
5	135	0	70.5	-15.65	-5.75
5	136	0	70.5	-13.45	-5.75
5	137	0	70.5	-11.25	-5.75
5	138	0	70.5	-9.05	-5.75
5	139	0	70.5	-6.85	-5.75
5	140	0	70.5	-4.65	-5.75
5	141	0	70.5	-2.45	-5.75
5	142	0	70.5	0.25	-5.75
5	143	0	70.5	2.45	-5.75
5	144	0	70.5	4.65	-5.75
5	145	0	70.5	6.85	-5.75
5	146	0	70.5	9.05	-5.75
5	147	0	70.5	11.25	-5.75
5	148	0	70.5	13.45	-5.75
5	149	0	70.5	15.65	-5.75
5	150	0	68.8798	21.6967	-5.75
5	151	0	67.7798	23.602	-5.75
5	152	0	66.6798	25.5072	-5.75
5	153	0	65.5798	27.4125	-5.75
5	154	0	64.4798	29.3177	-5.75
5	155	0	63.3798	31.223	-5.75
5	156	0	62.2798	33.1282	-5.75
5	157	0	60.9298	35.4665	-5.75
5	158	0	59.8298	37.3718	-5.75
5	159	0	58.7298	39.277	-5.75
5	160	0	57.6298	41.1823	-5.75
5	161	0	56.5298	43.0875	-5.75
5	162	0	55.4298	44.9928	-5.75
5	163	0	54.3298	46.898	-5.75
5	164	0	53.2298	48.8033	-5.75
5	165	0	48.8033	53.2298	-5.75
5	166	0	46.898	54.3298	-5.75
5	167	0	44.9928	55.4298	-5.75
5	168	0	43.0875	56.5298	-5.75
5	169	0	41.1823	57.6298	-5.75
5	170	0	39.277	58.7298	-5.75
5	171	0	37.3718	59.8298	-5.75
5	172	0	35.0335	61.1798	-5.75
5	173	0	33.1282	62.2798	-5.75
5	174	0	31.223	63.3798	-5.75
5	175	0	29.3177	64.4798	-5.75
5	176	0	27.4125	65.5798	-5.75
5	177	0	25.5072	66.6798	-5.75
5	178	0	23.602	67.7798	-5.75
5	179	0	21.6967	68.8798	-5.75
6	0	0	15.65	70.5	-3.55
6	1	0	13.45	70.5	-3.55
6	2	0	11.25	70.5	-3.55
6	3	0	9.05	70.5	-3.55
6	4	0	6.85	70.5	-3.55
6	5	0	4.65	70.5	-3.55
6	6	0	2.45	70.5	-3.55
6	7	0	-0.25	70.5	-3.55
6	8	0	-2.45	70.5	-3.55
6	9	0	-4.65	70.5	-3.55
6	10	0	-6.85	70.5	-3.55
6	11	0	-9.05	70.5	-3.55
6	12	0	-11.25	70.5	-3.55
6	13	0	-13.45	70.5	-3.55
6	14	0	-15.65	70.5	-3.55
6	15	0	-21.6967	68.8798	-3.55
6	16	0	-23.602	67.7798	-3.55
6	17	0	-25.5072	66.6798	-3.55
6	18	0	-27.4125	65.5798	-3.55
6	19	0	-29.3177	64.4798	-3.55
6	20	0	-31.223	63.3798	-3.55
6	21	0	-33.1282	62.2798	-3.55
6	22	0	-35.4665	60.9298	-3.55
6	23	0	-37.3718	59.8298	-3.55
6	24	0	-39.277	58.7298	-3.55
6	25	0	-41.1823	57.6298	-3.55
6	26	0	-43.0875	56.5298	-3.55
6	27	0	-44.9928	55.4298	-3.55
6	28	0	-46.898	54.3298	-3.55
6	29	0	-48.8033	53.2298	-3.55
6	30	0	-53.2298	48.8033	-3.55
6	31	0	-54.3298	46.898	-3.55
6	32	0	-55.4298	44.9928	-3.55
6	33	0	-56.5298	43.0875	-3.55
6	34	0	-57.6298	41.1823	-3.55
6	35	0	-58.7298	39.277	-3.55
6	36	0	-59.8298	37.3718	-3.55
6	37	0	-61.1798	35.0335	-3.55
6	38	0	-62.2798	33.1282	-3.55
6	39	0	-63.3798	31.223	-3.55
6	40	0	-64.4798	29.3177	-3.55
6	41	0	-65.5798	27.4125	-3.55
6	42	0	-66.6798	25.5072	-3.55
6	43	0	-67.7798	23.602	-3.55
6	44	0	-68.8798	21.6967	-3.55
6	45	0	-70.5	15.65	-3.55
6	46	0	-70.5	13.45	-3.55
6	47	0	-70.5	11.25	-3.55
6	48	0	-70.5	9.05	-3.55
6	49	0	-70.5	6.85	-3.55
6	50	0	-70.5	4.65	-3.55
6	51	0	-70.5	2.45	-3.55
6	52	0	-70.5	-0.25	-3.55
6	53	0	-70.5	-2.45	-3.55
6	54	0	-70.5	-4.65	-3.55
6	55	0	-70.5	-6.85	-3.55
6	56	0	-70.5	-9.05	-3.55
6	57	0	-70.5	-11.25	-3.55
6	58	0	-70.5	-13.45	-3.55
6	59	0	-70.5	-15.65	-3.55
6	60	0	-68.8798	-21.6967	-3.55
6	61	0	-67.7798	-23.602	-3.55
6	62	0	-66.6798	-25.5072	-3.55
6	63	0	-65.5798	-27.4125	-3.55
6	64	0	-64.4798	-29.3177	-3.55
6	65	0	-63.3798	-31.223	-3.55
6	66	0	-62.2798	-33.1282	-3.55
6	67	0	-60.9298	-35.4665	-3.55
6	68	0	-59.8298	-37.3718	-3.55
6	69	0	-58.7298	-39.277	-3.55
6	70	0	-57.6298	-41.1823	-3.55
6	71	0	-56.5298	-43.0875	-3.55
6	72	0	-55.4298	-44.9928	-3.55
6	73	0	-54.3298	-46.898	-3.55
6	74	0	-53.2298	-48.8033	-3.55
6	75	0	-48.8033	-53.2298	-3.55
6	76	0	-46.898	-54.3298	-3.55
6	77	0	-44.9928	-55.4298	-3.55
6	78	0	-43.0875	-56.5298	-3.55
6	79	0	-41.1823	-57.6298	-3.55
6	80	0	-39.277	-58.7298	-3.55
6	81	0	-37.3718	-59.8298	-3.55
6	82	0	-35.0335	-61.1798	-3.55
6	83	0	-33.1282	-62.2798	-3.55
6	84	0	-31.223	-63.3798	-3.55
6	85	0	-29.3177	-64.4798	-3.55
6	86	0	-27.4125	-65.5798	-3.55
6	87	0	-25.5072	-66.6798	-3.55
6	88	0	-23.602	-67.7798	-3.55
6	89	0	-21.6967	-68.8798	-3.55
6	90	0	-15.65	-70.5	-3.55
6	91	0	-13.45	-70.5	-3.55
6	92	0	-11.25	-70.5	-3.55
6	93	0	-9.05	-70.5	-3.55
6	94	0	-6.85	-70.5	-3.55
6	95	0	-4.65	-70.5	-3.55
6	96	0	-2.45	-70.5	-3.55
6	97	0	0.25	-70.5	-3.55
6	98	0	2.45	-70.5	-3.55
6	99	0	4.65	-70.5	-3.55
6	100	0	6.85	-70.5	-3.55
6	101	0	9.05	-70.5	-3.55
6	102	0	11.25	-70.5	-3.55
6	103	0	13.45	-70.5	-3.55
6	104	0	15.65	-70.5	-3.55
6	105	0	21.6967	-68.8798	-3.55
6	106	0	23.602	-67.7798	-3.55
6	107	0	25.5072	-66.6798	-3.55
6	108	0	27.4125	-65.5798	-3.55
6	109	0	29.3177	-64.4798	-3.55
6	110	0	31.223	-63.3798	-3.55
6	111	0	33.1282	-62.2798	-3.55
6	112	0	35.4665	-60.9298	-3.55
6	113	0	37.3718	-59.8298	-3.55
6	114	0	39.277	-58.7298	-3.55
6	115	0	41.1823	-57.6298	-3.55
6	116	0	43.0875	-56.5298	-3.55
6	117	0	44.9928	-55.4298	-3.55
6	118	0	46.898	-54.3298	-3.55
6	119	0	48.8033	-53.2298	-3.55
6	120	0	53.2298	-48.8033	-3.55
6	121	0	54.3298	-46.898	-3.55
6	122	0	55.4298	-44.9928	-3.55
6	123	0	56.5298	-43.0875	-3.55
6	124	0	57.6298	-41.1823	-3.55
6	125	0	58.7298	-39.277	-3.55
6	126	0	59.8298	-37.3718	-3.55
6	127	0	61.1798	-35.0335	-3.55
6	128	0	62.2798	-33.1282	-3.55
6	129	0	63.3798	-31.223	-3.55
6	130	0	64.4798	-29.3177	-3.55
6	131	0	65.5798	-27.4125	-3.55
6	132	0	66.6798	-25.5072	-3.55
6	133	0	67.7798	-23.602	-3.55
6	134	0	68.8798	-21.6967	-3.55
6	135	0	70.5	-15.65	-3.55
6	136	0	70.5	-13.45	-3.55
6	137	0	70.5	-11.25	-3.55
6	138	0	70.5	-9.05	-3.55
6	139	0	70.5	-6.85	-3.55
6	140	0	70.5	-4.65	-3.55
6	141	0	70.5	-2.45	-3.55
6	142	0	70.5	0.25	-3.55
6	143	0	70.5	2.45	-3.55
6	144	0	70.5	4.65	-3.55
6	145	0	70.5	6.85	-3.55
6	146	0	70.5	9.05	-3.55
6	147	0	70.5	11.25	-3.55
6	148	0	70.5	13.45	-3.55
6	149	0	70.5	15.65	-3.55
6	150	0	68.8798	21.6967	-3.55
6	151	0	67.7798	23.602	-3.55
6	152	0	66.6798	25.5072	-3.55
6	153	0	65.5798	27.4125	-3.55
6	154	0	64.4798	29.3177	-3.55
6	155	0	63.3798	31.223	-3.55
6	156	0	62.2798	33.1282	-3.55
6	157	0	60.9298	35.4665	-3.55
6	158	0	59.8298	37.3718	-3.55
6	159	0	58.7298	39.277	-3.55
6	160	0	57.6298	41.1823	-3.55
6	161	0	56.5298	43.0875	-3.55
6	162	0	55.4298	44.9928	-3.55
6	163	0	54.3298	46.898	-3.55
6	164	0	53.2298	48.8033	-3.55
6	165	0	48.8033	53.2298	-3.55
6	166	0	46.898	54.3298	-3.55
6	167	0	44.9928	55.4298	-3.55
6	168	0	43.0875	56.5298	-3.55
6	169	0	41.1823	57.6298	-3.55
6	170	0	39.277	58.7298	-3.55
6	171	0	37.3718	59.8298	-3.55
6	172	0	35.0335	61.1798	-3.55
6	173	0	33.1282	62.2798	-3.55
6	174	0	31.223	63.3798	-3.55
6	175	0	29.3177	64.4798	-3.55
6	176	0	27.4125	65.5798	-3.55
6	177	0	25.5072	66.6798	-3.55
6	178	0	23.602	67.7798	-3.55
6	179	0	21.6967	68.8798	-3.55
7	0	0	15.65	70.5	-1.35
7	1	0	13.45	70.5	-1.35
7	2	0	11.25	70.5	-1.35
7	3	0	9.05	70.5	-1.35
7	4	0	6.85	70.5	-1.35
7	5	0	4.65	70.5	-1.35
7	6	0	2.45	70.5	-1.35
7	7	0	-0.25	70.5	-1.35
7	8	0	-2.45	70.5	-1.35
7	9	0	-4.65	70.5	-1.35
7	10	0	-6.85	70.5	-1.35
7	11	0	-9.05	70.5	-1.35
7	12	0	-11.25	70.5	-1.35
7	13	0	-13.45	70.5	-1.35
7	14	0	-15.65	70.5	-1.35
7	15	0	-21.6967	68.8798	-1.35
7	16	0	-23.602	67.7798	-1.35
7	17	0	-25.5072	66.6798	-1.35
7	18	0	-27.4125	65.5798	-1.35
7	19	0	-29.3177	64.4798	-1.35
7	20	0	-31.223	63.3798	-1.35
7	21	0	-33.1282	62.2798	-1.35
7	22	0	-35.4665	60.9298	-1.35
7	23	0	-37.3718	59.8298	-1.35
7	24	0	-39.277	58.7298	-1.35
7	25	0	-41.1823	57.6298	-1.35
7	26	0	-43.0875	56.5298	-1.35
7	27	0	-44.9928	55.4298	-1.35
7	28	0	-46.898	54.3298	-1.35
7	29	0	-48.8033	53.2298	-1.35
7	30	0	-53.2298	48.8033	-1.35
7	31	0	-54.3298	46.898	-1.35
7	32	0	-55.4298	44.9928	-1.35
7	33	0	-56.5298	43.0875	-1.35
7	34	0	-57.6298	41.1823	-1.35
7	35	0	-58.7298	39.277	-1.35
7	36	0	-59.8298	37.3718	-1.35
7	37	0	-61.1798	35.0335	-1.35
7	38	0	-62.2798	33.1282	-1.35
7	39	0	-63.3798	31.223	-1.35
7	40	0	-64.4798	29.3177	-1.35
7	41	0	-65.5798	27.4125	-1.35
7	42	0	-66.6798	25.5072	-1.35
7	43	0	-67.7798	23.602	-1.35
7	44	0	-68.8798	21.6967	-1.35
7	45	0	-70.5	15.65	-1.35
7	46	0	-70.5	13.45	-1.35
7	47	0	-70.5	11.25	-1.35
7	48	0	-70.5	9.05	-1.35
7	49	0	-70.5	6.85	-1.35
7	50	0	-70.5	4.65	-1.35
7	51	0	-70.5	2.45	-1.35
7	52	0	-70.5	-0.25	-1.35
7	53	0	-70.5	-2.45	-1.35
7	54	0	-70.5	-4.65	-1.35
7	55	0	-70.5	-6.85	-1.35
7	56	0	-70.5	-9.05	-1.35
7	57	0	-70.5	-11.25	-1.35
7	58	0	-70.5	-13.45	-1.35
7	59	0	-70.5	-15.65	-1.35
7	60	0	-68.8798	-21.6967	-1.35
7	61	0	-67.7798	-23.602	-1.35
7	62	0	-66.6798	-25.5072	-1.35
7	63	0	-65.5798	-27.4125	-1.35
7	64	0	-64.4798	-29.3177	-1.35
7	65	0	-63.3798	-31.223	-1.35
7	66	0	-62.2798	-33.1282	-1.35
7	67	0	-60.9298	-35.4665	-1.35
7	68	0	-59.8298	-37.3718	-1.35
7	69	0	-58.7298	-39.277	-1.35
7	70	0	-57.6298	-41.1823	-1.35
7	71	0	-56.5298	-43.0875	-1.35
7	72	0	-55.4298	-44.9928	-1.35
7	73	0	-54.3298	-46.898	-1.35
7	74	0	-53.2298	-48.8033	-1.35
7	75	0	-48.8033	-53.2298	-1.35
7	76	0	-46.898	-54.3298	-1.35
7	77	0	-44.9928	-55.4298	-1.35
7	78	0	-43.0875	-56.5298	-1.35
7	79	0	-41.1823	-57.6298	-1.35
7	80	0	-39.277	-58.7298	-1.35
7	81	0	-37.3718	-59.8298	-1.35
7	82	0	-35.0335	-61.1798	-1.35
7	83	0	-33.1282	-62.2798	-1.35
7	84	0	-31.223	-63.3798	-1.35
7	85	0	-29.3177	-64.4798	-1.35
7	86	0	-27.4125	-65.5798	-1.35
7	87	0	-25.5072	-66.6798	-1.35
7	88	0	-23.602	-67.7798	-1.35
7	89	0	-21.6967	-68.8798	-1.35
7	90	0	-15.65	-70.5	-1.35
7	91	0	-13.45	-70.5	-1.35
7	92	0	-11.25	-70.5	-1.35
7	93	0	-9.05	-70.5	-1.35
7	94	0	-6.85	-70.5	-1.35
7	95	0	-4.65	-70.5	-1.35
7	96	0	-2.45	-70.5	-1.35
7	97	0	0.25	-70.5	-1.35
7	98	0	2.45	-70.5	-1.35
7	99	0	4.65	-70.5	-1.35
7	100	0	6.85	-70.5	-1.35
7	101	0	9.05	-70.5	-1.35
7	102	0	11.25	-70.5	-1.35
7	103	0	13.45	-70.5	-1.35
7	104	0	15.65	-70.5	-1.35
7	105	0	21.6967	-68.8798	-1.35
7	106	0	23.602	-67.7798	-1.35
7	107	0	25.5072	-66.6798	-1.35
7	108	0	27.4125	-65.5798	-1.35
7	109	0	29.3177	-64.4798	-1.35
7	110	0	31.223	-63.3798	-1.35
7	111	0	33.1282	-62.2798	-1.35
7	112	0	35.4665	-60.9298	-1.35
7	113	0	37.3718	-59.8298	-1.35
7	114	0	39.277	-58.7298	-1.35
7	115	0	41.1823	-57.6298	-1.35
7	116	0	43.0875	-56.5298	-1.35
7	117	0	44.9928	-55.4298	-1.35
7	118	0	46.898	-54.3298	-1.35
7	119	0	48.8033	-53.2298	-1.35
7	120	0	53.2298	-48.8033	-1.35
7	121	0	54.3298	-46.898	-1.35
7	122	0	55.4298	-44.9928	-1.35
7	123	0	56.5298	-43.0875	-1.35
7	124	0	57.6298	-41.1823	-1.35
7	125	0	58.7298	-39.277	-1.35
7	126	0	59.8298	-37.3718	-1.35
7	127	0	61.1798	-35.0335	-1.35
7	128	0	62.2798	-33.1282	-1.35
7	129	0	63.3798	-31.223	-1.35
7	130	0	64.4798	-29.3177	-1.35
7	131	0	65.5798	-27.4125	-1.35
7	132	0	66.6798	-25.5072	-1.35
7	133	0	67.7798	-23.602	-1.35
7	134	0	68.8798	-21.6967	-1.35
7	135	0	70.5	-15.65	-1.35
7	136	0	70.5	-13.45	-1.35
7	137	0	70.5	-11.25	-1.35
7	138	0	70.5	-9.05	-1.35
7	139	0	70.5	-6.85	-1.35
7	140	0	70.5	-4.65	-1.35
7	141	0	70.5	-2.45	-1.35
7	142	0	70.5	0.25	-1.35
7	143	0	70.5	2.45	-1.35
7	144	0	70.5	4.65	-1.35
7	145	0	70.5	6.85	-1.35
7	146	0	70.5	9.05	-1.35
7	147	0	70.5	11.25	-1.35
7	148	0	70.5	13.45	-1.35
7	149	0	70.5	15.65	-1.35
7	150	0	68.8798	21.6967	-1.35
7	151	0	67.7798	23.602	-1.35
7	152	0	66.6798	25.5072	-1.35
7	153	0	65.5798	27.4125	-1.35
7	154	0	64.4798	29.3177	-1.35
7	155	0	63.3798	31.223	-1.35
7	156	0	62.2798	33.1282	-1.35
7	157	0	60.9298	35.4665	-1.35
7	158	0	59.8298	37.3718	-1.35
7	159	0	58.7298	39.277	-1.35
7	160	0	57.6298	41.1823	-1.35
7	161	0	56.5298	43.0875	-1.35
7	162	0	55.4298	44.9928	-1.35
7	163	0	54.3298	46.898	-1.35
7	164	0	53.2298	48.8033	-1.35
7	165	0	48.8033	53.2298	-1.35
7	166	0	46.898	54.3298	-1.35
7	167	0	44.9928	55.4298	-1.35
7	168	0	43.0875	56.5298	-1.35
7	169	0	41.1823	57.6298	-1.35
7	170	0	39.277	58.7298	-1.35
7	171	0	37.3718	59.8298	-1.35
7	172	0	35.0335	61.1798	-1.35
7	173	0	33.1282	62.2798	-1.35
7	174	0	31.223	63.3798	-1.35
7	175	0	29.3177	64.4798	-1.35
7	176	0	27.4125	65.5798	-1.35
7	177	0	25.5072	66.6798	-1.35
7	178	0	23.602	67.7798	-1.35
7	179	0	21.6967	68.8798	-1.35
8	0	0	15.65	70.5	1.35
8	1	0	13.45	70.5	1.35
8	2	0	11.25	70.5	1.35
8	3	0	9.05	70.5	1.35
8	4	0	6.85	70.5	1.35
8	5	0	4.65	70.5	1.35
8	6	0	2.45	70.5	1.35
8	7	0	-0.25	70.5	1.35
8	8	0	-2.45	70.5	1.35
8	9	0	-4.65	70.5	1.35
8	10	0	-6.85	70.5	1.35
8	11	0	-9.05	70.5	1.35
8	12	0	-11.25	70.5	1.35
8	13	0	-13.45	70.5	1.35
8	14	0	-15.65	70.5	1.35
8	15	0	-21.6967	68.8798	1.35
8	16	0	-23.602	67.7798	1.35
8	17	0	-25.5072	66.6798	1.35
8	18	0	-27.4125	65.5798	1.35
8	19	0	-29.3177	64.4798	1.35
8	20	0	-31.223	63.3798	1.35
8	21	0	-33.1282	62.2798	1.35
8	22	0	-35.4665	60.9298	1.35
8	23	0	-37.3718	59.8298	1.35
8	24	0	-39.277	58.7298	1.35
8	25	0	-41.1823	57.6298	1.35
8	26	0	-43.0875	56.5298	1.35
8	27	0	-44.9928	55.4298	1.35
8	28	0	-46.898	54.3298	1.35
8	29	0	-48.8033	53.2298	1.35
8	30	0	-53.2298	48.8033	1.35
8	31	0	-54.3298	46.898	1.35
8	32	0	-55.4298	44.9928	1.35
8	33	0	-56.5298	43.0875	1.35
8	34	0	-57.6298	41.1823	1.35
8	35	0	-58.7298	39.277	1.35
8	36	0	-59.8298	37.3718	1.35
8	37	0	-61.1798	35.0335	1.35
8	38	0	-62.2798	33.1282	1.35
8	39	0	-63.3798	31.223	1.35
8	40	0	-64.4798	29.3177	1.35
8	41	0	-65.5798	27.4125	1.35
8	42	0	-66.6798	25.5072	1.35
8	43	0	-67.7798	23.602	1.35
8	44	0	-68.8798	21.6967	1.35
8	45	0	-70.5	15.65	1.35
8	46	0	-70.5	13.45	1.35
8	47	0	-70.5	11.25	1.35
8	48	0	-70.5	9.05	1.35
8	49	0	-70.5	6.85	1.35
8	50	0	-70.5	4.65	1.35
8	51	0	-70.5	2.45	1.35
8	52	0	-70.5	-0.25	1.35
8	53	0	-70.5	-2.45	1.35
8	54	0	-70.5	-4.65	1.35
8	55	0	-70.5	-6.85	1.35
8	56	0	-70.5	-9.05	1.35
8	57	0	-70.5	-11.25	1.35
8	58	0	-70.5	-13.45	1.35
8	59	0	-70.5	-15.65	1.35
8	60	0	-68.8798	-21.6967	1.35
8	61	0	-67.7798	-23.602	1.35
8	62	0	-66.6798	-25.5072	1.35
8	63	0	-65.5798	-27.4125	1.35
8	64	0	-64.4798	-29.3177	1.35
8	65	0	-63.3798	-31.223	1.35
8	66	0	-62.2798	-33.1282	1.35
8	67	0	-60.9298	-35.4665	1.35
8	68	0	-59.8298	-37.3718	1.35
8	69	0	-58.7298	-39.277	1.35
8	70	0	-57.6298	-41.1823	1.35
8	71	0	-56.5298	-43.0875	1.35
8	72	0	-55.4298	-44.9928	1.35
8	73	0	-54.3298	-46.898	1.35
8	74	0	-53.2298	-48.8033	1.35
8	75	0	-48.8033	-53.2298	1.35
8	76	0	-46.898	-54.3298	1.35
8	77	0	-44.9928	-55.4298	1.35
8	78	0	-43.0875	-56.5298	1.35
8	79	0	-41.1823	-57.6298	1.35
8	80	0	-39.277	-58.7298	1.35
8	81	0	-37.3718	-59.8298	1.35
8	82	0	-35.0335	-61.1798	1.35
8	83	0	-33.1282	-62.2798	1.35
8	84	0	-31.223	-63.3798	1.35
8	85	0	-29.3177	-64.4798	1.35
8	86	0	-27.4125	-65.5798	1.35
8	87	0	-25.5072	-66.6798	1.35
8	88	0	-23.602	-67.7798	1.35
8	89	0	-21.6967	-68.8798	1.35
8	90	0	-15.65	-70.5	1.35
8	91	0	-13.45	-70.5	1.35
8	92	0	-11.25	-70.5	1.35
8	93	0	-9.05	-70.5	1.35
8	94	0	-6.85	-70.5	1.35
8	95	0	-4.65	-70.5	1.35
8	96	0	-2.45	-70.5	1.35
8	97	0	0.25	-70.5	1.35
8	98	0	2.45	-70.5	1.35
8	99	0	4.65	-70.5	1.35
8	100	0	6.85	-70.5	1.35
8	101	0	9.05	-70.5	1.35
8	102	0	11.25	-70.5	1.35
8	103	0	13.45	-70.5	1.35
8	104	0	15.65	-70.5	1.35
8	105	0	21.6967	-68.8798	1.35
8	106	0	23.602	-67.7798	1.35
8	107	0	25.5072	-66.6798	1.35
8	108	0	27.4125	-65.5798	1.35
8	109	0	29.3177	-64.4798	1.35
8	110	0	31.223	-63.3798	1.35
8	111	0	33.1282	-62.2798	1.35
8	112	0	35.4665	-60.9298	1.35
8	113	0	37.3718	-59.8298	1.35
8	114	0	39.277	-58.7298	1.35
8	115	0	41.1823	-57.6298	1.35
8	116	0	43.0875	-56.5298	1.35
8	117	0	44.9928	-55.4298	1.35
8	118	0	46.898	-54.3298	1.35
8	119	0	48.8033	-53.2298	1.35
8	120	0	53.2298	-48.8033	1.35
8	121	0	54.3298	-46.898	1.35
8	122	0	55.4298	-44.9928	1.35
8	123	0	56.5298	-43.0875	1.35
8	124	0	57.6298	-41.1823	1.35
8	125	0	58.7298	-39.277	1.35
8	126	0	59.8298	-37.3718	1.35
8	127	0	61.1798	-35.0335	1.35
8	128	0	62.2798	-33.1282	1.35
8	129	0	63.3798	-31.223	1.35
8	130	0	64.4798	-29.3177	1.35
8	131	0	65.5798	-27.4125	1.35
8	132	0	66.6798	-25.5072	1.35
8	133	0	67.7798	-23.602	1.35
8	134	0	68.8798	-21.6967	1.35
8	135	0	70.5	-15.65	1.35
8	136	0	70.5	-13.45	1.35
8	137	0	70.5	-11.25	1.35
8	138	0	70.5	-9.05	1.35
8	139	0	70.5	-6.85	1.35
8	140	0	70.5	-4.65	1.35
8	141	0	70.5	-2.45	1.35
8	142	0	70.5	0.25	1.35
8	143	0	70.5	2.45	1.35
8	144	0	70.5	4.65	1.35
8	145	0	70.5	6.85	1.35
8	146	0	70.5	9.05	1.35
8	147	0	70.5	11.25	1.35
8	148	0	70.5	13.45	1.35
8	149	0	70.5	15.65	1.35
8	150	0	68.8798	21.6967	1.35
8	151	0	67.7798	23.602	1.35
8	152	0	66.6798	25.5072	1.35
8	153	0	65.5798	27.4125	1.35
8	154	0	64.4798	29.3177	1.35
8	155	0	63.3798	31.223	1.35
8	156	0	62.2798	33.1282	1.35
8	157	0	60.9298	35.4665	1.35
8	158	0	59.8298	37.3718	1.35
8	159	0	58.7298	39.277	1.35
8	160	0	57.6298	41.1823	1.35
8	161	0	56.5298	43.0875	1.35
8	162	0	55.4298	44.9928	1.35
8	163	0	54.3298	46.898	1.35
8	164	0	53.2298	48.8033	1.35
8	165	0	48.8033	53.2298	1.35
8	166	0	46.898	54.3298	1.35
8	167	0	44.9928	55.4298	1.35
8	168	0	43.0875	56.5298	1.35
8	169	0	41.1823	57.6298	1.35
8	170	0	39.277	58.7298	1.35
8	171	0	37.3718	59.8298	1.35
8	172	0	35.0335	61.1798	1.35
8	173	0	33.1282	62.2798	1.35
8	174	0	31.223	63.3798	1.35
8	175	0	29.3177	64.4798	1.35
8	176	0	27.4125	65.5798	1.35
8	177	0	25.5072	66.6798	1.35
8	178	0	23.602	67.7798	1.35
8	179	0	21.6967	68.8798	1.35
9	0	0	15.65	70.5	3.55
9	1	0	13.45	70.5	3.55
9	2	0	11.25	70.5	3.55
9	3	0	9.05	70.5	3.55
9	4	0	6.85	70.5	3.55
9	5	0	4.65	70.5	3.55
9	6	0	2.45	70.5	3.55
9	7	0	-0.25	70.5	3.55
9	8	0	-2.45	70.5	3.55
9	9	0	-4.65	70.5	3.55
9	10	0	-6.85	70.5	3.55
9	11	0	-9.05	70.5	3.55
9	12	0	-11.25	70.5	3.55
9	13	0	-13.45	70.5	3.55
9	14	0	-15.65	70.5	3.55
9	15	0	-21.6967	68.8798	3.55
9	16	0	-23.602	67.7798	3.55
9	17	0	-25.5072	66.6798	3.55
9	18	0	-27.4125	65.5798	3.55
9	19	0	-29.3177	64.4798	3.55
9	20	0	-31.223	63.3798	3.55
9	21	0	-33.1282	62.2798	3.55
9	22	0	-35.4665	60.9298	3.55
9	23	0	-37.3718	59.8298	3.55
9	24	0	-39.277	58.7298	3.55
9	25	0	-41.1823	57.6298	3.55
9	26	0	-43.0875	56.5298	3.55
9	27	0	-44.9928	55.4298	3.55
9	28	0	-46.898	54.3298	3.55
9	29	0	-48.8033	53.2298	3.55
9	30	0	-53.2298	48.8033	3.55
9	31	0	-54.3298	46.898	3.55
9	32	0	-55.4298	44.9928	3.55
9	33	0	-56.5298	43.0875	3.55
9	34	0	-57.6298	41.1823	3.55
9	35	0	-58.7298	39.277	3.55
9	36	0	-59.8298	37.3718	3.55
9	37	0	-61.1798	35.0335	3.55
9	38	0	-62.2798	33.1282	3.55
9	39	0	-63.3798	31.223	3.55
9	40	0	-64.4798	29.3177	3.55
9	41	0	-65.5798	27.4125	3.55
9	42	0	-66.6798	25.5072	3.55
9	43	0	-67.7798	23.602	3.55
9	44	0	-68.8798	21.6967	3.55
9	45	0	-70.5	15.65	3.55
9	46	0	-70.5	13.45	3.55
9	47	0	-70.5	11.25	3.55
9	48	0	-70.5	9.05	3.55
9	49	0	-70.5	6.85	3.55
9	50	0	-70.5	4.65	3.55
9	51	0	-70.5	2.45	3.55
9	52	0	-70.5	-0.25	3.55
9	53	0	-70.5	-2.45	3.55
9	54	0	-70.5	-4.65	3.55
9	55	0	-70.5	-6.85	3.55
9	56	0	-70.5	-9.05	3.55
9	57	0	-70.5	-11.25	3.55
9	58	0	-70.5	-13.45	3.55
9	59	0	-70.5	-15.65	3.55
9	60	0	-68.8798	-21.6967	3.55
9	61	0	-67.7798	-23.602	3.55
9	62	0	-66.6798	-25.5072	3.55
9	63	0	-65.5798	-27.4125	3.55
9	64	0	-64.4798	-29.3177	3.55
9	65	0	-63.3798	-31.223	3.55
9	66	0	-62.2798	-33.1282	3.55
9	67	0	-60.9298	-35.4665	3.55
9	68	0	-59.8298	-37.3718	3.55
9	69	0	-58.7298	-39.277	3.55
9	70	0	-57.6298	-41.1823	3.55
9	71	0	-56.5298	-43.0875	3.55
9	72	0	-55.4298	-44.9928	3.55
9	73	0	-54.3298	-46.898	3.55
9	74	0	-53.2298	-48.8033	3.55
9	75	0	-48.8033	-53.2298	3.55
9	76	0	-46.898	-54.3298	3.55
9	77	0	-44.9928	-55.4298	3.55
9	78	0	-43.0875	-56.5298	3.55
9	79	0	-41.1823	-57.6298	3.55
9	80	0	-39.277	-58.7298	3.55
9	81	0	-37.3718	-59.8298	3.55
9	82	0	-35.0335	-61.1798	3.55
9	83	0	-33.1282	-62.2798	3.55
9	84	0	-31.223	-63.3798	3.55
9	85	0	-29.3177	-64.4798	3.55
9	86	0	-27.4125	-65.5798	3.55
9	87	0	-25.5072	-66.6798	3.55
9	88	0	-23.602	-67.7798	3.55
9	89	0	-21.6967	-68.8798	3.55
9	90	0	-15.65	-70.5	3.55
9	91	0	-13.45	-70.5	3.55
9	92	0	-11.25	-70.5	3.55
9	93	0	-9.05	-70.5	3.55
9	94	0	-6.85	-70.5	3.55
9	95	0	-4.65	-70.5	3.55
9	96	0	-2.45	-70.5	3.55
9	97	0	0.25	-70.5	3.55
9	98	0	2.45	-70.5	3.55
9	99	0	4.65	-70.5	3.55
9	100	0	6.85	-70.5	3.55
9	101	0	9.05	-70.5	3.55
9	102	0	11.25	-70.5	3.55
9	103	0	13.45	-70.5	3.55
9	104	0	15.65	-70.5	3.55
9	105	0	21.6967	-68.8798	3.55
9	106	0	23.602	-67.7798	3.55
9	107	0	25.5072	-66.6798	3.55
9	108	0	27.4125	-65.5798	3.55
9	109	0	29.3177	-64.4798	3.55
9	110	0	31.223	-63.3798	3.55
9	111	0	33.1282	-62.2798	3.55
9	112	0	35.4665	-60.9298	3.55
9	113	0	37.3718	-59.8298	3.55
9	114	0	39.277	-58.7298	3.55
9	115	0	41.1823	-57.6298	3.55
9	116	0	43.0875	-56.5298	3.55
9	117	0	44.9928	-55.4298	3.55
9	118	0	46.898	-54.3298	3.55
9	119	0	48.8033	-53.2298	3.55
9	120	0	53.2298	-48.8033	3.55
9	121	0	54.3298	-46.898	3.55
9	122	0	55.4298	-44.9928	3.55
9	123	0	56.5298	-43.0875	3.55
9	124	0	57.6298	-41.1823	3.55
9	125	0	58.7298	-39.277	3.55
9	126	0	59.8298	-37.3718	3.55
9	127	0	61.1798	-35.0335	3.55
9	128	0	62.2798	-33.1282	3.55
9	129	0	63.3798	-31.223	3.55
9	130	0	64.4798	-29.3177	3.55
9	131	0	65.5798	-27.4125	3.55
9	132	0	66.6798	-25.5072	3.55
9	133	0	67.7798	-23.602	3.55
9	134	0	68.8798	-21.6967	3.55
9	135	0	70.5	-15.65	3.55
9	136	0	70.5	-13.45	3.55
9	137	0	70.5	-11.25	3.55
9	138	0	70.5	-9.05	3.55
9	139	0	70.5	-6.85	3.55
9	140	0	70.5	-4.65	3.55
9	141	0	70.5	-2.45	3.55
9	142	0	70.5	0.25	3.55
9	143	0	70.5	2.45	3.55
9	144	0	70.5	4.65	3.55
9	145	0	70.5	6.85	3.55
9	146	0	70.5	9.05	3.55
9	147	0	70.5	11.25	3.55
9	148	0	70.5	13.45	3.55
9	149	0	70.5	15.65	3.55
9	150	0	68.8798	21.6967	3.55
9	151	0	67.7798	23.602	3.55
9	152	0	66.6798	25.5072	3.55
9	153	0	65.5798	27.4125	3.55
9	154	0	64.4798	29.3177	3.55
9	155	0	63.3798	31.223	3.55
9	156	0	62.2798	33.1282	3.55
9	157	0	60.9298	35.4665	3.55
9	158	0	59.8298	37.3718	3.55
9	159	0	58.7298	39.277	3.55
9	160	0	57.6298	41.1823	3.55
9	161	0	56.5298	43.0875	3.55
9	162	0	55.4298	44.9928	3.55
9	163	0	54.3298	46.898	3.55
9	164	0	53.2298	48.8033	3.55
9	165	0	48.8033	53.2298	3.55
9	166	0	46.898	54.3298	3.55
9	167	0	44.9928	55.4298	3.55
9	168	0	43.0875	56.5298	3.55
9	169	0	41.1823	57.6298	3.55
9	170	0	39.277	58.7298	3.55
9	171	0	37.3718	59.8298	3.55
9	172	0	35.0335	61.1798	3.55
9	173	0	33.1282	62.2798	3.55
9	174	0	31.223	63.3798	3.55
9	175	0	29.3177	64.4798	3.55
9	176	0	27.4125	65.5798	3.55
9	177	0	25.5072	66.6798	3.55
9	178	0	23.602	67.7798	3.55
9	179	0	21.6967	68.8798	3.55
10	0	0	15.65	70.5	5.75
10	1	0	13.45	70.5	5.75
10	2	0	11.25	70.5	5.75
10	3	0	9.05	70.5	5.75
10	4	0	6.85	70.5	5.75
10	5	0	4.65	70.5	5.75
10	6	0	2.45	70.5	5.75
10	7	0	-0.25	70.5	5.75
10	8	0	-2.45	70.5	5.75
10	9	0	-4.65	70.5	5.75
10	10	0	-6.85	70.5	5.75
10	11	0	-9.05	70.5	5.75
10	12	0	-11.25	70.5	5.75
10	13	0	-13.45	70.5	5.75
10	14	0	-15.65	70.5	5.75
10	15	0	-21.6967	68.8798	5.75
10	16	0	-23.602	67.7798	5.75
10	17	0	-25.5072	66.6798	5.75
10	18	0	-27.4125	65.5798	5.75
10	19	0	-29.3177	64.4798	5.75
10	20	0	-31.223	63.3798	5.75
10	21	0	-33.1282	62.2798	5.75
10	22	0	-35.4665	60.9298	5.75
10	23	0	-37.3718	59.8298	5.75
10	24	0	-39.277	58.7298	5.75
10	25	0	-41.1823	57.6298	5.75
10	26	0	-43.0875	56.5298	5.75
10	27	0	-44.9928	55.4298	5.75
10	28	0	-46.898	54.3298	5.75
10	29	0	-48.8033	53.2298	5.75
10	30	0	-53.2298	48.8033	5.75
10	31	0	-54.3298	46.898	5.75
10	32	0	-55.4298	44.9928	5.75
10	33	0	-56.5298	43.0875	5.75
10	34	0	-57.6298	41.1823	5.75
10	35	0	-58.7298	39.277	5.75
10	36	0	-59.8298	37.3718	5.75
10	37	0	-61.1798	35.0335	5.75
10	38	0	-62.2798	33.1282	5.75
10	39	0	-63.3798	31.223	5.75
10	40	0	-64.4798	29.3177	5.75
10	41	0	-65.5798	27.4125	5.75
10	42	0	-66.6798	25.5072	5.75
10	43	0	-67.7798	23.602	5.75
10	44	0	-68.8798	21.6967	5.75
10	45	0	-70.5	15.65	5.75
10	46	0	-70.5	13.45	5.75
10	47	0	-70.5	11.25	5.75
10	48	0	-70.5	9.05	5.75
10	49	0	-70.5	6.85	5.75
10	50	0	-70.5	4.65	5.75
10	51	0	-70.5	2.45	5.75
10	52	0	-70.5	-0.25	5.75
10	53	0	-70.5	-2.45	5.75
10	54	0	-70.5	-4.65	5.75
10	55	0	-70.5	-6.85	5.75
10	56	0	-70.5	-9.05	5.75
10	57	0	-70.5	-11.25	5.75
10	58	0	-70.5	-13.45	5.75
10	59	0	-70.5	-15.65	5.75
10	60	0	-68.8798	-21.6967	5.75
10	61	0	-67.7798	-23.602	5.75
10	62	0	-66.6798	-25.5072	5.75
10	63	0	-65.5798	-27.4125	5.75
10	64	0	-64.4798	-29.3177	5.75
10	65	0	-63.3798	-31.223	5.75
10	66	0	-62.2798	-33.1282	5.75
10	67	0	-60.9298	-35.4665	5.75
10	68	0	-59.8298	-37.3718	5.75
10	69	0	-58.7298	-39.277	5.75
10	70	0	-57.6298	-41.1823	5.75
10	71	0	-56.5298	-43.0875	5.75
10	72	0	-55.4298	-44.9928	5.75
10	73	0	-54.3298	-46.898	5.75
10	74	0	-53.2298	-48.8033	5.75
10	75	0	-48.8033	-53.2298	5.75
10	76	0	-46.898	-54.3298	5.75
10	77	0	-44.9928	-55.4298	5.75
10	78	0	-43.0875	-56.5298	5.75
10	79	0	-41.1823	-57.6298	5.75
10	80	0	-39.277	-58.7298	5.75
10	81	0	-37.3718	-59.8298	5.75
10	82	0	-35.0335	-61.1798	5.75
10	83	0	-33.1282	-62.2798	5.75
10	84	0	-31.223	-63.3798	5.75
10	85	0	-29.3177	-64.4798	5.75
10	86	0	-27.4125	-65.5798	5.75
10	87	0	-25.5072	-66.6798	5.75
10	88	0	-23.602	-67.7798	5.75
10	89	0	-21.6967	-68.8798	5.75
10	90	0	-15.65	-70.5	5.75
10	91	0	-13.45	-70.5	5.75
10	92	0	-11.25	-70.5	5.75
10	93	0	-9.05	-70.5	5.75
10	94	0	-6.85	-70.5	5.75
10	95	0	-4.65	-70.5	5.75
10	96	0	-2.45	-70.5	5.75
10	97	0	0.25	-70.5	5.75
10	98	0	2.45	-70.5	5.75
10	99	0	4.65	-70.5	5.75
10	100	0	6.85	-70.5	5.75
10	101	0	9.05	-70.5	5.75
10	102	0	11.25	-70.5	5.75
10	103	0	13.45	-70.5	5.75
10	104	0	15.65	-70.5	5.75
10	105	0	21.6967	-68.8798	5.75
10	106	0	23.602	-67.7798	5.75
10	107	0	25.5072	-66.6798	5.75
10	108	0	27.4125	-65.5798	5.75
10	109	0	29.3177	-64.4798	5.75
10	110	0	31.223	-63.3798	5.75
10	111	0	33.1282	-62.2798	5.75
10	112	0	35.4665	-60.9298	5.75
10	113	0	37.3718	-59.8298	5.75
10	114	0	39.277	-58.7298	5.75
10	115	0	41.1823	-57.6298	5.75
10	116	0	43.0875	-56.5298	5.75
10	117	0	44.9928	-55.4298	5.75
10	118	0	46.898	-54.3298	5.75
10	119	0	48.8033	-53.2298	5.75
10	120	0	53.2298	-48.8033	5.75
10	121	0	54.3298	-46.898	5.75
10	122	0	55.4298	-44.9928	5.75
10	123	0	56.5298	-43.0875	5.75
10	124	0	57.6298	-41.1823	5.75
10	125	0	58.7298	-39.277	5.75
10	126	0	59.8298	-37.3718	5.75
10	127	0	61.1798	-35.0335	5.75
10	128	0	62.2798	-33.1282	5.75
10	129	0	63.3798	-31.223	5.75
10	130	0	64.4798	-29.3177	5.75
10	131	0	65.5798	-27.4125	5.75
10	132	0	66.6798	-25.5072	5.75
10	133	0	67.7798	-23.602	5.75
10	134	0	68.8798	-21.6967	5.75
10	135	0	70.5	-15.65	5.75
10	136	0	70.5	-13.45	5.75
10	137	0	70.5	-11.25	5.75
10	138	0	70.5	-9.05	5.75
10	139	0	70.5	-6.85	5.75
10	140	0	70.5	-4.65	5.75
10	141	0	70.5	-2.45	5.75
10	142	0	70.5	0.25	5.75
10	143	0	70.5	2.45	5.75
10	144	0	70.5	4.65	5.75
10	145	0	70.5	6.85	5.75
10	146	0	70.5	9.05	5.75
10	147	0	70.5	11.25	5.75
10	148	0	70.5	13.45	5.75
10	149	0	70.5	15.65	5.75
10	150	0	68.8798	21.6967	5.75
10	151	0	67.7798	23.602	5.75
10	152	0	66.6798	25.5072	5.75
10	153	0	65.5798	27.4125	5.75
10	154	0	64.4798	29.3177	5.75
10	155	0	63.3798	31.223	5.75
10	156	0	62.2798	33.1282	5.75
10	157	0	60.9298	35.4665	5.75
10	158	0	59.8298	37.3718	5.75
10	159	0	58.7298	39.277	5.75
10	160	0	57.6298	41.1823	5.75
10	161	0	56.5298	43.0875	5.75
10	162	0	55.4298	44.9928	5.75
10	163	0	54.3298	46.898	5.75
10	164	0	53.2298	48.8033	5.75
10	165	0	48.8033	53.2298	5.75
10	166	0	46.898	54.3298	5.75
10	167	0	44.9928	55.4298	5.75
10	168	0	43.0875	56.5298	5.75
10	169	0	41.1823	57.6298	5.75
10	170	0	39.277	58.7298	5.75
10	171	0	37.3718	59.8298	5.75
10	172	0	35.0335	61.1798	5.75
10	173	0	33.1282	62.2798	5.75
10	174	0	31.223	63.3798	5.75
10	175	0	29.3177	64.4798	5.75
10	176	0	27.4125	65.5798	5.75
10	177	0	25.5072	66.6798	5.75
10	178	0	23.602	67.7798	5.75
10	179	0	21.6967	68.8798	5.75
11	0	0	15.65	70.5	7.95
11	1	0	13.45	70.5	7.95
11	2	0	11.25	70.5	7.95
11	3	0	9.05	70.5	7.95
11	4	0	6.85	70.5	7.95
11	5	0	4.65	70.5	7.95
11	6	0	2.45	70.5	7.95
11	7	0	-0.25	70.5	7.95
11	8	0	-2.45	70.5	7.95
11	9	0	-4.65	70.5	7.95
11	10	0	-6.85	70.5	7.95
11	11	0	-9.05	70.5	7.95
11	12	0	-11.25	70.5	7.95
11	13	0	-13.45	70.5	7.95
11	14	0	-15.65	70.5	7.95
11	15	0	-21.6967	68.8798	7.95
11	16	0	-23.602	67.7798	7.95
11	17	0	-25.5072	66.6798	7.95
11	18	0	-27.4125	65.5798	7.95
11	19	0	-29.3177	64.4798	7.95
11	20	0	-31.223	63.3798	7.95
11	21	0	-33.1282	62.2798	7.95
11	22	0	-35.4665	60.9298	7.95
11	23	0	-37.3718	59.8298	7.95
11	24	0	-39.277	58.7298	7.95
11	25	0	-41.1823	57.6298	7.95
11	26	0	-43.0875	56.5298	7.95
11	27	0	-44.9928	55.4298	7.95
11	28	0	-46.898	54.3298	7.95
11	29	0	-48.8033	53.2298	7.95
11	30	0	-53.2298	48.8033	7.95
11	31	0	-54.3298	46.898	7.95
11	32	0	-55.4298	44.9928	7.95
11	33	0	-56.5298	43.0875	7.95
11	34	0	-57.6298	41.1823	7.95
11	35	0	-58.7298	39.277	7.95
11	36	0	-59.8298	37.3718	7.95
11	37	0	-61.1798	35.0335	7.95
11	38	0	-62.2798	33.1282	7.95
11	39	0	-63.3798	31.223	7.95
11	40	0	-64.4798	29.3177	7.95
11	41	0	-65.5798	27.4125	7.95
11	42	0	-66.6798	25.5072	7.95
11	43	0	-67.7798	23.602	7.95
11	44	0	-68.8798	21.6967	7.95
11	45	0	-70.5	15.65	7.95
11	46	0	-70.5	13.45	7.95
11	47	0	-70.5	11.25	7.95
11	48	0	-70.5	9.05	7.95
11	49	0	-70.5	6.85	7.95
11	50	0	-70.5	4.65	7.95
11	51	0	-70.5	2.45	7.95
11	52	0	-70.5	-0.25	7.95
11	53	0	-70.5	-2.45	7.95
11	54	0	-70.5	-4.65	7.95
11	55	0	-70.5	-6.85	7.95
11	56	0	-70.5	-9.05	7.95
11	57	0	-70.5	-11.25	7.95
11	58	0	-70.5	-13.45	7.95
11	59	0	-70.5	-15.65	7.95
11	60	0	-68.8798	-21.6967	7.95
11	61	0	-67.7798	-23.602	7.95
11	62	0	-66.6798	-25.5072	7.95
11	63	0	-65.5798	-27.4125	7.95
11	64	0	-64.4798	-29.3177	7.95
11	65	0	-63.3798	-31.223	7.95
11	66	0	-62.2798	-33.1282	7.95
11	67	0	-60.9298	-35.4665	7.95
11	68	0	-59.8298	-37.3718	7.95
11	69	0	-58.7298	-39.277	7.95
11	70	0	-57.6298	-41.1823	7.95
11	71	0	-56.5298	-43.0875	7.95
11	72	0	-55.4298	-44.9928	7.95
11	73	0	-54.3298	-46.898	7.95
11	74	0	-53.2298	-48.8033	7.95
11	75	0	-48.8033	-53.2298	7.95
11	76	0	-46.898	-54.3298	7.95
11	77	0	-44.9928	-55.4298	7.95
11	78	0	-43.0875	-56.5298	7.95
11	79	0	-41.1823	-57.6298	7.95
11	80	0	-39.277	-58.7298	7.95
11	81	0	-37.3718	-59.8298	7.95
11	82	0	-35.0335	-61.1798	7.95
11	83	0	-33.1282	-62.2798	7.95
11	84	0	-31.223	-63.3798	7.95
11	85	0	-29.3177	-64.4798	7.95
11	86	0	-27.4125	-65.5798	7.95
11	87	0	-25.5072	-66.6798	7.95
11	88	0	-23.602	-67.7798	7.95
11	89	0	-21.6967	-68.8798	7.95
11	90	0	-15.65	-70.5	7.95
11	91	0	-13.45	-70.5	7.95
11	92	0	-11.25	-70.5	7.95
11	93	0	-9.05	-70.5	7.95
11	94	0	-6.85	-70.5	7.95
11	95	0	-4.65	-70.5	7.95
11	96	0	-2.45	-70.5	7.95
11	97	0	0.25	-70.5	7.95
11	98	0	2.45	-70.5	7.95
11	99	0	4.65	-70.5	7.95
11	100	0	6.85	-70.5	7.95
11	101	0	9.05	-70.5	7.95
11	102	0	11.25	-70.5	7.95
11	103	0	13.45	-70.5	7.95
11	104	0	15.65	-70.5	7.95
11	105	0	21.6967	-68.8798	7.95
11	106	0	23.602	-67.7798	7.95
11	107	0	25.5072	-66.6798	7.95
11	108	0	27.4125	-65.5798	7.95
11	109	0	29.3177	-64.4798	7.95
11	110	0	31.223	-63.3798	7.95
11	111	0	33.1282	-62.2798	7.95
11	112	0	35.4665	-60.9298	7.95
11	113	0	37.3718	-59.8298	7.95
11	114	0	39.277	-58.7298	7.95
11	115	0	41.1823	-57.6298	7.95
11	116	0	43.0875	-56.5298	7.95
11	117	0	44.9928	-55.4298	7.95
11	118	0	46.898	-54.3298	7.95
11	119	0	48.8033	-53.2298	7.95
11	120	0	53.2298	-48.8033	7.95
11	121	0	54.3298	-46.898	7.95
11	122	0	55.4298	-44.9928	7.95
11	123	0	56.5298	-43.0875	7.95
11	124	0	57.6298	-41.1823	7.95
11	125	0	58.7298	-39.277	7.95
11	126	0	59.8298	-37.3718	7.95
11	127	0	61.1798	-35.0335	7.95
11	128	0	62.2798	-33.1282	7.95
11	129	0	63.3798	-31.223	7.95
11	130	0	64.4798	-29.3177	7.95
11	131	0	65.5798	-27.4125	7.95
11	132	0	66.6798	-25.5072	7.95
11	133	0	67.7798	-23.602	7.95
11	134	0	68.8798	-21.6967	7.95
11	135	0	70.5	-15.65	7.95
11	136	0	70.5	-13.45	7.95
11	137	0	70.5	-11.25	7.95
11	138	0	70.5	-9.05	7.95
11	139	0	70.5	-6.85	7.95
11	140	0	70.5	-4.65	7.95
11	141	0	70.5	-2.45	7.95
11	142	0	70.5	0.25	7.95
11	143	0	70.5	2.45	7.95
11	144	0	70.5	4.65	7.95
11	145	0	70.5	6.85	7.95
11	146	0	70.5	9.05	7.95
11	147	0	70.5	11.25	7.95
11	148	0	70.5	13.45	7.95
11	149	0	70.5	15.65	7.95
11	150	0	68.8798	21.6967	7.95
11	151	0	67.7798	23.602	7.95
11	152	0	66.6798	25.5072	7.95
11	153	0	65.5798	27.4125	7.95
11	154	0	64.4798	29.3177	7.95
11	155	0	63.3798	31.223	7.95
11	156	0	62.2798	33.1282	7.95
11	157	0	60.9298	35.4665	7.95
11	158	0	59.8298	37.3718	7.95
11	159	0	58.7298	39.277	7.95
11	160	0	57.6298	41.1823	7.95
11	161	0	56.5298	43.0875	7.95
11	162	0	55.4298	44.9928	7.95
11	163	0	54.3298	46.898	7.95
11	164	0	53.2298	48.8033	7.95
11	165	0	48.8033	53.2298	7.95
11	166	0	46.898	54.3298	7.95
11	167	0	44.9928	55.4298	7.95
11	168	0	43.0875	56.5298	7.95
11	169	0	41.1823	57.6298	7.95
11	170	0	39.277	58.7298	7.95
11	171	0	37.3718	59.8298	7.95
11	172	0	35.0335	61.1798	7.95
11	173	0	33.1282	62.2798	7.95
11	174	0	31.223	63.3798	7.95
11	175	0	29.3177	64.4798	7.95
11	176	0	27.4125	65.5798	7.95
11	177	0	25.5072	66.6798	7.95
11	178	0	23.602	67.7798	7.95
11	179	0	21.6967	68.8798	7.95
12	0	0	15.65	70.5	10.15
12	1	0	13.45	70.5	10.15
12	2	0	11.25	70.5	10.15
12	3	0	9.05	70.5	10.15
12	4	0	6.85	70.5	10.15
12	5	0	4.65	70.5	10.15
12	6	0	2.45	70.5	10.15
12	7	0	-0.25	70.5	10.15
12	8	0	-2.45	70.5	10.15
12	9	0	-4.65	70.5	10.15
12	10	0	-6.85	70.5	10.15
12	11	0	-9.05	70.5	10.15
12	12	0	-11.25	70.5	10.15
12	13	0	-13.45	70.5	10.15
12	14	0	-15.65	70.5	10.15
12	15	0	-21.6967	68.8798	10.15
12	16	0	-23.602	67.7798	10.15
12	17	0	-25.5072	66.6798	10.15
12	18	0	-27.4125	65.5798	10.15
12	19	0	-29.3177	64.4798	10.15
12	20	0	-31.223	63.3798	10.15
12	21	0	-33.1282	62.2798	10.15
12	22	0	-35.4665	60.9298	10.15
12	23	0	-37.3718	59.8298	10.15
12	24	0	-39.277	58.7298	10.15
12	25	0	-41.1823	57.6298	10.15
12	26	0	-43.0875	56.5298	10.15
12	27	0	-44.9928	55.4298	10.15
12	28	0	-46.898	54.3298	10.15
12	29	0	-48.8033	53.2298	10.15
12	30	0	-53.2298	48.8033	10.15
12	31	0	-54.3298	46.898	10.15
12	32	0	-55.4298	44.9928	10.15
12	33	0	-56.5298	43.0875	10.15
12	34	0	-57.6298	41.1823	10.15
12	35	0	-58.7298	39.277	10.15
12	36	0	-59.8298	37.3718	10.15
12	37	0	-61.1798	35.0335	10.15
12	38	0	-62.2798	33.1282	10.15
12	39	0	-63.3798	31.223	10.15
12	40	0	-64.4798	29.3177	10.15
12	41	0	-65.5798	27.4125	10.15
12	42	0	-66.6798	25.5072	10.15
12	43	0	-67.7798	23.602	10.15
12	44	0	-68.8798	21.6967	10.15
12	45	0	-70.5	15.65	10.15
12	46	0	-70.5	13.45	10.15
12	47	0	-70.5	11.25	10.15
12	48	0	-70.5	9.05	10.15
12	49	0	-70.5	6.85	10.15
12	50	0	-70.5	4.65	10.15
12	51	0	-70.5	2.45	10.15
12	52	0	-70.5	-0.25	10.15
12	53	0	-70.5	-2.45	10.15
12	54	0	-70.5	-4.65	10.15
12	55	0	-70.5	-6.85	10.15
12	56	0	-70.5	-9.05	10.15
12	57	0	-70.5	-11.25	10.15
12	58	0	-70.5	-13.45	10.15
12	59	0	-70.5	-15.65	10.15
12	60	0	-68.8798	-21.6967	10.15
12	61	0	-67.7798	-23.602	10.15
12	62	0	-66.6798	-25.5072	10.15
12	63	0	-65.5798	-27.4125	10.15
12	64	0	-64.4798	-29.3177	10.15
12	65	0	-63.3798	-31.223	10.15
12	66	0	-62.2798	-33.1282	10.15
12	67	0	-60.9298	-35.4665	10.15
12	68	0	-59.8298	-37.3718	10.15
12	69	0	-58.7298	-39.277	10.15
12	70	0	-57.6298	-41.1823	10.15
12	71	0	-56.5298	-43.0875	10.15
12	72	0	-55.4298	-44.9928	10.15
12	73	0	-54.3298	-46.898	10.15
12	74	0	-53.2298	-48.8033	10.15
12	75	0	-48.8033	-53.2298	10.15
12	76	0	-46.898	-54.3298	10.15
12	77	0	-44.9928	-55.4298	10.15
12	78	0	-43.0875	-56.5298	10.15
12	79	0	-41.1823	-57.6298	10.15
12	80	0	-39.277	-58.7298	10.15
12	81	0	-37.3718	-59.8298	10.15
12	82	0	-35.0335	-61.1798	10.15
12	83	0	-33.1282	-62.2798	10.15
12	84	0	-31.223	-63.3798	10.15
12	85	0	-29.3177	-64.4798	10.15
12	86	0	-27.4125	-65.5798	10.15
12	87	0	-25.5072	-66.6798	10.15
12	88	0	-23.602	-67.7798	10.15
12	89	0	-21.6967	-68.8798	10.15
12	90	0	-15.65	-70.5	10.15
12	91	0	-13.45	-70.5	10.15
12	92	0	-11.25	-70.5	10.15
12	93	0	-9.05	-70.5	10.15
12	94	0	-6.85	-70.5	10.15
12	95	0	-4.65	-70.5	10.15
12	96	0	-2.45	-70.5	10.15
12	97	0	0.25	-70.5	10.15
12	98	0	2.45	-70.5	10.15
12	99	0	4.65	-70.5	10.15
12	100	0	6.85	-70.5	10.15
12	101	0	9.05	-70.5	10.15
12	102	0	11.25	-70.5	10.15
12	103	0	13.45	-70.5	10.15
12	104	0	15.65	-70.5	10.15
12	105	0	21.6967	-68.8798	10.15
12	106	0	23.602	-67.7798	10.15
12	107	0	25.5072	-66.6798	10.15
12	108	0	27.4125	-65.5798	10.15
12	109	0	29.3177	-64.4798	10.15
12	110	0	31.223	-63.3798	10.15
12	111	0	33.1282	-62.2798	10.15
12	112	0	35.4665	-60.9298	10.15
12	113	0	37.3718	-59.8298	10.15
12	114	0	39.277	-58.7298	10.15
12	115	0	41.1823	-57.6298	10.15
12	116	0	43.0875	-56.5298	10.15
12	117	0	44.9928	-55.4298	10.15
12	118	0	46.898	-54.3298	10.15
12	119	0	48.8033	-53.2298	10.15
12	120	0	53.2298	-48.8033	10.15
12	121	0	54.3298	-46.898	10.15
12	122	0	55.4298	-44.9928	10.15
12	123	0	56.5298	-43.0875	10.15
12	124	0	57.6298	-41.1823	10.15
12	125	0	58.7298	-39.277	10.15
12	126	0	59.8298	-37.3718	10.15
12	127	0	61.1798	-35.0335	10.15
12	128	0	62.2798	-33.1282	10.15
12	129	0	63.3798	-31.223	10.15
12	130	0	64.4798	-29.3177	10.15
12	131	0	65.5798	-27.4125	10.15
12	132	0	66.6798	-25.5072	10.15
12	133	0	67.7798	-23.602	10.15
12	134	0	68.8798	-21.6967	10.15
12	135	0	70.5	-15.65	10.15
12	136	0	70.5	-13.45	10.15
12	137	0	70.5	-11.25	10.15
12	138	0	70.5	-9.05	10.15
12	139	0	70.5	-6.85	10.15
12	140	0	70.5	-4.65	10.15
12	141	0	70.5	-2.45	10.15
12	142	0	70.5	0.25	10.15
12	143	0	70.5	2.45	10.15
12	144	0	70.5	4.65	10.15
12	145	0	70.5	6.85	10.15
12	146	0	70.5	9.05	10.15
12	147	0	70.5	11.25	10.15
12	148	0	70.5	13.45	10.15
12	149	0	70.5	15.65	10.15
12	150	0	68.8798	21.6967	10.15
12	151	0	67.7798	23.602	10.15
12	152	0	66.6798	25.5072	10.15
12	153	0	65.5798	27.4125	10.15
12	154	0	64.4798	29.3177	10.15
12	155	0	63.3798	31.223	10.15
12	156	0	62.2798	33.1282	10.15
12	157	0	60.9298	35.4665	10.15
12	158	0	59.8298	37.3718	10.15
12	159	0	58.7298	39.277	10.15
12	160	0	57.6298	41.1823	10.15
12	161	0	56.5298	43.0875	10.15
12	162	0	55.4298	44.9928	10.15
12	163	0	54.3298	46.898	10.15
12	164	0	53.2298	48.8033	10.15
12	165	0	48.8033	53.2298	10.15
12	166	0	46.898	54.3298	10.15
12	167	0	44.9928	55.4298	10.15
12	168	0	43.0875	56.5298	10.15
12	169	0	41.1823	57.6298	10.15
12	170	0	39.277	58.7298	10.15
12	171	0	37.3718	59.8298	10.15
12	172	0	35.0335	61.1798	10.15
12	173	0	33.1282	62.2798	10.15
12	174	0	31.223	63.3798	10.15
12	175	0	29.3177	64.4798	10.15
12	176	0	27.4125	65.5798	10.15
12	177	0	25.5072	66.6798	10.15
12	178	0	23.602	67.7798	10.15
12	179	0	21.6967	68.8798	10.15
13	0	0	15.65	70.5	12.35
13	1	0	13.45	70.5	12.35
13	2	0	11.25	70.5	12.35
13	3	0	9.05	70.5	12.35
13	4	0	6.85	70.5	12.35
13	5	0	4.65	70.5	12.35
13	6	0	2.45	70.5	12.35
13	7	0	-0.25	70.5	12.35
13	8	0	-2.45	70.5	12.35
13	9	0	-4.65	70.5	12.35
13	10	0	-6.85	70.5	12.35
13	11	0	-9.05	70.5	12.35
13	12	0	-11.25	70.5	12.35
13	13	0	-13.45	70.5	12.35
13	14	0	-15.65	70.5	12.35
13	15	0	-21.6967	68.8798	12.35
13	16	0	-23.602	67.7798	12.35
13	17	0	-25.5072	66.6798	12.35
13	18	0	-27.4125	65.5798	12.35
13	19	0	-29.3177	64.4798	12.35
13	20	0	-31.223	63.3798	12.35
13	21	0	-33.1282	62.2798	12.35
13	22	0	-35.4665	60.9298	12.35
13	23	0	-37.3718	59.8298	12.35
13	24	0	-39.277	58.7298	12.35
13	25	0	-41.1823	57.6298	12.35
13	26	0	-43.0875	56.5298	12.35
13	27	0	-44.9928	55.4298	12.35
13	28	0	-46.898	54.3298	12.35
13	29	0	-48.8033	53.2298	12.35
13	30	0	-53.2298	48.8033	12.35
13	31	0	-54.3298	46.898	12.35
13	32	0	-55.4298	44.9928	12.35
13	33	0	-56.5298	43.0875	12.35
13	34	0	-57.6298	41.1823	12.35
13	35	0	-58.7298	39.277	12.35
13	36	0	-59.8298	37.3718	12.35
13	37	0	-61.1798	35.0335	12.35
13	38	0	-62.2798	33.1282	12.35
13	39	0	-63.3798	31.223	12.35
13	40	0	-64.4798	29.3177	12.35
13	41	0	-65.5798	27.4125	12.35
13	42	0	-66.6798	25.5072	12.35
13	43	0	-67.7798	23.602	12.35
13	44	0	-68.8798	21.6967	12.35
13	45	0	-70.5	15.65	12.35
13	46	0	-70.5	13.45	12.35
13	47	0	-70.5	11.25	12.35
13	48	0	-70.5	9.05	12.35
13	49	0	-70.5	6.85	12.35
13	50	0	-70.5	4.65	12.35
13	51	0	-70.5	2.45	12.35
13	52	0	-70.5	-0.25	12.35
13	53	0	-70.5	-2.45	12.35
13	54	0	-70.5	-4.65	12.35
13	55	0	-70.5	-6.85	12.35
13	56	0	-70.5	-9.05	12.35
13	57	0	-70.5	-11.25	12.35
13	58	0	-70.5	-13.45	12.35
13	59	0	-70.5	-15.65	12.35
13	60	0	-68.8798	-21.6967	12.35
13	61	0	-67.7798	-23.602	12.35
13	62	0	-66.6798	-25.5072	12.35
13	63	0	-65.5798	-27.4125	12.35
13	64	0	-64.4798	-29.3177	12.35
13	65	0	-63.3798	-31.223	12.35
13	66	0	-62.2798	-33.1282	12.35
13	67	0	-60.9298	-35.4665	12.35
13	68	0	-59.8298	-37.3718	12.35
13	69	0	-58.7298	-39.277	12.35
13	70	0	-57.6298	-41.1823	12.35
13	71	0	-56.5298	-43.0875	12.35
13	72	0	-55.4298	-44.9928	12.35
13	73	0	-54.3298	-46.898	12.35
13	74	0	-53.2298	-48.8033	12.35
13	75	0	-48.8033	-53.2298	12.35
13	76	0	-46.898	-54.3298	12.35
13	77	0	-44.9928	-55.4298	12.35
13	78	0	-43.0875	-56.5298	12.35
13	79	0	-41.1823	-57.6298	12.35
13	80	0	-39.277	-58.7298	12.35
13	81	0	-37.3718	-59.8298	12.35
13	82	0	-35.0335	-61.1798	12.35
13	83	0	-33.1282	-62.2798	12.35
13	84	0	-31.223	-63.3798	12.35
13	85	0	-29.3177	-64.4798	12.35
13	86	0	-27.4125	-65.5798	12.35
13	87	0	-25.5072	-66.6798	12.35
13	88	0	-23.602	-67.7798	12.35
13	89	0	-21.6967	-68.8798	12.35
13	90	0	-15.65	-70.5	12.35
13	91	0	-13.45	-70.5	12.35
13	92	0	-11.25	-70.5	12.35
13	93	0	-9.05	-70.5	12.35
13	94	0	-6.85	-70.5	12.35
13	95	0	-4.65	-70.5	12.35
13	96	0	-2.45	-70.5	12.35
13	97	0	0.25	-70.5	12.35
13	98	0	2.45	-70.5	12.35
13	99	0	4.65	-70.5	12.35
13	100	0	6.85	-70.5	12.35
13	101	0	9.05	-70.5	12.35
13	102	0	11.25	-70.5	12.35
13	103	0	13.45	-70.5	12.35
13	104	0	15.65	-70.5	12.35
13	105	0	21.6967	-68.8798	12.35
13	106	0	23.602	-67.7798	12.35
13	107	0	25.5072	-66.6798	12.35
13	108	0	27.4125	-65.5798	12.35
13	109	0	29.3177	-64.4798	12.35
13	110	0	31.223	-63.3798	12.35
13	111	0	33.1282	-62.2798	12.35
13	112	0	35.4665	-60.9298	12.35
13	113	0	37.3718	-59.8298	12.35
13	114	0	39.277	-58.7298	12.35
13	115	0	41.1823	-57.6298	12.35
13	116	0	43.0875	-56.5298	12.35
13	117	0	44.9928	-55.4298	12.35
13	118	0	46.898	-54.3298	12.35
13	119	0	48.8033	-53.2298	12.35
13	120	0	53.2298	-48.8033	12.35
13	121	0	54.3298	-46.898	12.35
13	122	0	55.4298	-44.9928	12.35
13	123	0	56.5298	-43.0875	12.35
13	124	0	57.6298	-41.1823	12.35
13	125	0	58.7298	-39.277	12.35
13	126	0	59.8298	-37.3718	12.35
13	127	0	61.1798	-35.0335	12.35
13	128	0	62.2798	-33.1282	12.35
13	129	0	63.3798	-31.223	12.35
13	130	0	64.4798	-29.3177	12.35
13	131	0	65.5798	-27.4125	12.35
13	132	0	66.6798	-25.5072	12.35
13	133	0	67.7798	-23.602	12.35
13	134	0	68.8798	-21.6967	12.35
13	135	0	70.5	-15.65	12.35
13	136	0	70.5	-13.45	12.35
13	137	0	70.5	-11.25	12.35
13	138	0	70.5	-9.05	12.35
13	139	0	70.5	-6.85	12.35
13	140	0	70.5	-4.65	12.35
13	141	0	70.5	-2.45	12.35
13	142	0	70.5	0.25	12.35
13	143	0	70.5	2.45	12.35
13	144	0	70.5	4.65	12.35
13	145	0	70.5	6.85	12.35
13	146	0	70.5	9.05	12.35
13	147	0	70.5	11.25	12.35
13	148	0	70.5	13.45	12.35
13	149	0	70.5	15.65	12.35
13	150	0	68.8798	21.6967	12.35
13	151	0	67.7798	23.602	12.35
13	152	0	66.6798	25.5072	12.35
13	153	0	65.5798	27.4125	12.35
13	154	0	64.4798	29.3177	12.35
13	155	0	63.3798	31.223	12.35
13	156	0	62.2798	33.1282	12.35
13	157	0	60.9298	35.4665	12.35
13	158	0	59.8298	37.3718	12.35
13	159	0	58.7298	39.277	12.35
13	160	0	57.6298	41.1823	12.35
13	161	0	56.5298	43.0875	12.35
13	162	0	55.4298	44.9928	12.35
13	163	0	54.3298	46.898	12.35
13	164	0	53.2298	48.8033	12.35
13	165	0	48.8033	53.2298	12.35
13	166	0	46.898	54.3298	12.35
13	167	0	44.9928	55.4298	12.35
13	168	0	43.0875	56.5298	12.35
13	169	0	41.1823	57.6298	12.35
13	170	0	39.277	58.7298	12.35
13	171	0	37.3718	59.8298	12.35
13	172	0	35.0335	61.1798	12.35
13	173	0	33.1282	62.2798	12.35
13	174	0	31.223	63.3798	12.35
13	175	0	29.3177	64.4798	12.35
13	176	0	27.4125	65.5798	12.35
13	177	0	25.5072	66.6798	12.35
13	178	0	23.602	67.7798	12.35
13	179	0	21.6967	68.8798	12.35
14	0	0	15.65	70.5	14.55
14	1	0	13.45	70.5	14.55
14	2	0	11.25	70.5	14.55
14	3	0	9.05	70.5	14.55
14	4	0	6.85	70.5	14.55
14	5	0	4.65	70.5	14.55
14	6	0	2.45	70.5	14.55
14	7	0	-0.25	70.5	14.55
14	8	0	-2.45	70.5	14.55
14	9	0	-4.65	70.5	14.55
14	10	0	-6.85	70.5	14.55
14	11	0	-9.05	70.5	14.55
14	12	0	-11.25	70.5	14.55
14	13	0	-13.45	70.5	14.55
14	14	0	-15.65	70.5	14.55
14	15	0	-21.6967	68.8798	14.55
14	16	0	-23.602	67.7798	14.55
14	17	0	-25.5072	66.6798	14.55
14	18	0	-27.4125	65.5798	14.55
14	19	0	-29.3177	64.4798	14.55
14	20	0	-31.223	63.3798	14.55
14	21	0	-33.1282	62.2798	14.55
14	22	0	-35.4665	60.9298	14.55
14	23	0	-37.3718	59.8298	14.55
14	24	0	-39.277	58.7298	14.55
14	25	0	-41.1823	57.6298	14.55
14	26	0	-43.0875	56.5298	14.55
14	27	0	-44.9928	55.4298	14.55
14	28	0	-46.898	54.3298	14.55
14	29	0	-48.8033	53.2298	14.55
14	30	0	-53.2298	48.8033	14.55
14	31	0	-54.3298	46.898	14.55
14	32	0	-55.4298	44.9928	14.55
14	33	0	-56.5298	43.0875	14.55
14	34	0	-57.6298	41.1823	14.55
14	35	0	-58.7298	39.277	14.55
14	36	0	-59.8298	37.3718	14.55
14	37	0	-61.1798	35.0335	14.55
14	38	0	-62.2798	33.1282	14.55
14	39	0	-63.3798	31.223	14.55
14	40	0	-64.4798	29.3177	14.55
14	41	0	-65.5798	27.4125	14.55
14	42	0	-66.6798	25.5072	14.55
14	43	0	-67.7798	23.602	14.55
14	44	0	-68.8798	21.6967	14.55
14	45	0	-70.5	15.65	14.55
14	46	0	-70.5	13.45	14.55
14	47	0	-70.5	11.25	14.55
14	48	0	-70.5	9.05	14.55
14	49	0	-70.5	6.85	14.55
14	50	0	-70.5	4.65	14.55
14	51	0	-70.5	2.45	14.55
14	52	0	-70.5	-0.25	14.55
14	53	0	-70.5	-2.45	14.55
14	54	0	-70.5	-4.65	14.55
14	55	0	-70.5	-6.85	14.55
14	56	0	-70.5	-9.05	14.55
14	57	0	-70.5	-11.25	14.55
14	58	0	-70.5	-13.45	14.55
14	59	0	-70.5	-15.65	14.55
14	60	0	-68.8798	-21.6967	14.55
14	61	0	-67.7798	-23.602	14.55
14	62	0	-66.6798	-25.5072	14.55
14	63	0	-65.5798	-27.4125	14.55
14	64	0	-64.4798	-29.3177	14.55
14	65	0	-63.3798	-31.223	14.55
14	66	0	-62.2798	-33.1282	14.55
14	67	0	-60.9298	-35.4665	14.55
14	68	0	-59.8298	-37.3718	14.55
14	69	0	-58.7298	-39.277	14.55
14	70	0	-57.6298	-41.1823	14.55
14	71	0	-56.5298	-43.0875	14.55
14	72	0	-55.4298	-44.9928	14.55
14	73	0	-54.3298	-46.898	14.55
14	74	0	-53.2298	-48.8033	14.55
14	75	0	-48.8033	-53.2298	14.55
14	76	0	-46.898	-54.3298	14.55
14	77	0	-44.9928	-55.4298	14.55
14	78	0	-43.0875	-56.5298	14.55
14	79	0	-41.1823	-57.6298	14.55
14	80	0	-39.277	-58.7298	14.55
14	81	0	-37.3718	-59.8298	14.55
14	82	0	-35.0335	-61.1798	14.55
14	83	0	-33.1282	-62.2798	14.55
14	84	0	-31.223	-63.3798	14.55
14	85	0	-29.3177	-64.4798	14.55
14	86	0	-27.4125	-65.5798	14.55
14	87	0	-25.5072	-66.6798	14.55
14	88	0	-23.602	-67.7798	14.55
14	89	0	-21.6967	-68.8798	14.55
14	90	0	-15.65	-70.5	14.55
14	91	0	-13.45	-70.5	14.55
14	92	0	-11.25	-70.5	14.55
14	93	0	-9.05	-70.5	14.55
14	94	0	-6.85	-70.5	14.55
14	95	0	-4.65	-70.5	14.55
14	96	0	-2.45	-70.5	14.55
14	97	0	0.25	-70.5	14.55
14	98	0	2.45	-70.5	14.55
14	99	0	4.65	-70.5	14.55
14	100	0	6.85	-70.5	14.55
14	101	0	9.05	-70.5	14.55
14	102	0	11.25	-70.5	14.55
14	103	0	13.45	-70.5	14.55
14	104	0	15.65	-70.5	14.55
14	105	0	21.6967	-68.8798	14.55
14	106	0	23.602	-67.7798	14.55
14	107	0	25.5072	-66.6798	14.55
14	108	0	27.4125	-65.5798	14.55
14	109	0	29.3177	-64.4798	14.55
14	110	0	31.223	-63.3798	14.55
14	111	0	33.1282	-62.2798	14.55
14	112	0	35.4665	-60.9298	14.55
14	113	0	37.3718	-59.8298	14.55
14	114	0	39.277	-58.7298	14.55
14	115	0	41.1823	-57.6298	14.55
14	116	0	43.0875	-56.5298	14.55
14	117	0	44.9928	-55.4298	14.55
14	118	0	46.898	-54.3298	14.55
14	119	0	48.8033	-53.2298	14.55
14	120	0	53.2298	-48.8033	14.55
14	121	0	54.3298	-46.898	14.55
14	122	0	55.4298	-44.9928	14.55
14	123	0	56.5298	-43.0875	14.55
14	124	0	57.6298	-41.1823	14.55
14	125	0	58.7298	-39.277	14.55
14	126	0	59.8298	-37.3718	14.55
14	127	0	61.1798	-35.0335	14.55
14	128	0	62.2798	-33.1282	14.55
14	129	0	63.3798	-31.223	14.55
14	130	0	64.4798	-29.3177	14.55
14	131	0	65.5798	-27.4125	14.55
14	132	0	66.6798	-25.5072	14.55
14	133	0	67.7798	-23.602	14.55
14	134	0	68.8798	-21.6967	14.55
14	135	0	70.5	-15.65	14.55
14	136	0	70.5	-13.45	14.55
14	137	0	70.5	-11.25	14.55
14	138	0	70.5	-9.05	14.55
14	139	0	70.5	-6.85	14.55
14	140	0	70.5	-4.65	14.55
14	141	0	70.5	-2.45	14.55
14	142	0	70.5	0.25	14.55
14	143	0	70.5	2.45	14.55
14	144	0	70.5	4.65	14.55
14	145	0	70.5	6.85	14.55
14	146	0	70.5	9.05	14.55
14	147	0	70.5	11.25	14.55
14	148	0	70.5	13.45	14.55
14	149	0	70.5	15.65	14.55
14	150	0	68.8798	21.6967	14.55
14	151	0	67.7798	23.602	14.55
14	152	0	66.6798	25.5072	14.55
14	153	0	65.5798	27.4125	14.55
14	154	0	64.4798	29.3177	14.55
14	155	0	63.3798	31.223	14.55
14	156	0	62.2798	33.1282	14.55
14	157	0	60.9298	35.4665	14.55
14	158	0	59.8298	37.3718	14.55
14	159	0	58.7298	39.277	14.55
14	160	0	57.6298	41.1823	14.55
14	161	0	56.5298	43.0875	14.55
14	162	0	55.4298	44.9928	14.55
14	163	0	54.3298	46.898	14.55
14	164	0	53.2298	48.8033	14.55
14	165	0	48.8033	53.2298	14.55
14	166	0	46.898	54.3298	14.55
14	167	0	44.9928	55.4298	14.55
14	168	0	43.0875	56.5298	14.55
14	169	0	41.1823	57.6298	14.55
14	170	0	39.277	58.7298	14.55
14	171	0	37.3718	59.8298	14.55
14	172	0	35.0335	61.1798	14.55
14	173	0	33.1282	62.2798	14.55
14	174	0	31.223	63.3798	14.55
14	175	0	29.3177	64.4798	14.55
14	176	0	27.4125	65.5798	14.55
14	177	0	25.5072	66.6798	14.55
14	178	0	23.602	67.7798	14.55
14	179	0	21.6967	68.8798	14.55
15	0	0	15.65	70.5	16.75
15	1	0	13.45	70.5	16.75
15	2	0	11.25	70.5	16.75
15	3	0	9.05	70.5	16.75
15	4	0	6.85	70.5	16.75
15	5	0	4.65	70.5	16.75
15	6	0	2.45	70.5	16.75
15	7	0	-0.25	70.5	16.75
15	8	0	-2.45	70.5	16.75
15	9	0	-4.65	70.5	16.75
15	10	0	-6.85	70.5	16.75
15	11	0	-9.05	70.5	16.75
15	12	0	-11.25	70.5	16.75
15	13	0	-13.45	70.5	16.75
15	14	0	-15.65	70.5	16.75
15	15	0	-21.6967	68.8798	16.75
15	16	0	-23.602	67.7798	16.75
15	17	0	-25.5072	66.6798	16.75
15	18	0	-27.4125	65.5798	16.75
15	19	0	-29.3177	64.4798	16.75
15	20	0	-31.223	63.3798	16.75
15	21	0	-33.1282	62.2798	16.75
15	22	0	-35.4665	60.9298	16.75
15	23	0	-37.3718	59.8298	16.75
15	24	0	-39.277	58.7298	16.75
15	25	0	-41.1823	57.6298	16.75
15	26	0	-43.0875	56.5298	16.75
15	27	0	-44.9928	55.4298	16.75
15	28	0	-46.898	54.3298	16.75
15	29	0	-48.8033	53.2298	16.75
15	30	0	-53.2298	48.8033	16.75
15	31	0	-54.3298	46.898	16.75
15	32	0	-55.4298	44.9928	16.75
15	33	0	-56.5298	43.0875	16.75
15	34	0	-57.6298	41.1823	16.75
15	35	0	-58.7298	39.277	16.75
15	36	0	-59.8298	37.3718	16.75
15	37	0	-61.1798	35.0335	16.75
15	38	0	-62.2798	33.1282	16.75
15	39	0	-63.3798	31.223	16.75
15	40	0	-64.4798	29.3177	16.75
15	41	0	-65.5798	27.4125	16.75
15	42	0	-66.6798	25.5072	16.75
15	43	0	-67.7798	23.602	16.75
15	44	0	-68.8798	21.6967	16.75
15	45	0	-70.5	15.65	16.75
15	46	0	-70.5	13.45	16.75
15	47	0	-70.5	11.25	16.75
15	48	0	-70.5	9.05	16.75
15	49	0	-70.5	6.85	16.75
15	50	0	-70.5	4.65	16.75
15	51	0	-70.5	2.45	16.75
15	52	0	-70.5	-0.25	16.75
15	53	0	-70.5	-2.45	16.75
15	54	0	-70.5	-4.65	16.75
15	55	0	-70.5	-6.85	16.75
15	56	0	-70.5	-9.05	16.75
15	57	0	-70.5	-11.25	16.75
15	58	0	-70.5	-13.45	16.75
15	59	0	-70.5	-15.65	16.75
15	60	0	-68.8798	-21.6967	16.75
15	61	0	-67.7798	-23.602	16.75
15	62	0	-66.6798	-25.5072	16.75
15	63	0	-65.5798	-27.4125	16.75
15	64	0	-64.4798	-29.3177	16.75
15	65	0	-63.3798	-31.223	16.75
15	66	0	-62.2798	-33.1282	16.75
15	67	0	-60.9298	-35.4665	16.75
15	68	0	-59.8298	-37.3718	16.75
15	69	0	-58.7298	-39.277	16.75
15	70	0	-57.6298	-41.1823	16.75
15	71	0	-56.5298	-43.0875	16.75
15	72	0	-55.4298	-44.9928	16.75
15	73	0	-54.3298	-46.898	16.75
15	74	0	-53.2298	-48.8033	16.75
15	75	0	-48.8033	-53.2298	16.75
15	76	0	-46.898	-54.3298	16.75
15	77	0	-44.9928	-55.4298	16.75
15	78	0	-43.0875	-56.5298	16.75
15	79	0	-41.1823	-57.6298	16.75
15	80	0	-39.277	-58.7298	16.75
15	81	0	-37.3718	-59.8298	16.75
15	82	0	-35.0335	-61.1798	16.75
15	83	0	-33.1282	-62.2798	16.75
15	84	0	-31.223	-63.3798	16.75
15	85	0	-29.3177	-64.4798	16.75
15	86	0	-27.4125	-65.5798	16.75
15	87	0	-25.5072	-66.6798	16.75
15	88	0	-23.602	-67.7798	16.75
15	89	0	-21.6967	-68.8798	16.75
15	90	0	-15.65	-70.5	16.75
15	91	0	-13.45	-70.5	16.75
15	92	0	-11.25	-70.5	16.75
15	93	0	-9.05	-70.5	16.75
15	94	0	-6.85	-70.5	16.75
15	95	0	-4.65	-70.5	16.75
15	96	0	-2.45	-70.5	16.75
15	97	0	0.25	-70.5	16.75
15	98	0	2.45	-70.5	16.75
15	99	0	4.65	-70.5	16.75
15	100	0	6.85	-70.5	16.75
15	101	0	9.05	-70.5	16.75
15	102	0	11.25	-70.5	16.75
15	103	0	13.45	-70.5	16.75
15	104	0	15.65	-70.5	16.75
15	105	0	21.6967	-68.8798	16.75
15	106	0	23.602	-67.7798	16.75
15	107	0	25.5072	-66.6798	16.75
15	108	0	27.4125	-65.5798	16.75
15	109	0	29.3177	-64.4798	16.75
15	110	0	31.223	-63.3798	16.75
15	111	0	33.1282	-62.2798	16.75
15	112	0	35.4665	-60.9298	16.75
15	113	0	37.3718	-59.8298	16.75
15	114	0	39.277	-58.7298	16.75
15	115	0	41.1823	-57.6298	16.75
15	116	0	43.0875	-56.5298	16.75
15	117	0	44.9928	-55.4298	16.75
15	118	0	46.898	-54.3298	16.75
15	119	0	48.8033	-53.2298	16.75
15	120	0	53.2298	-48.8033	16.75
15	121	0	54.3298	-46.898	16.75
15	122	0	55.4298	-44.9928	16.75
15	123	0	56.5298	-43.0875	16.75
15	124	0	57.6298	-41.1823	16.75
15	125	0	58.7298	-39.277	16.75
15	126	0	59.8298	-37.3718	16.75
15	127	0	61.1798	-35.0335	16.75
15	128	0	62.2798	-33.1282	16.75
15	129	0	63.3798	-31.223	16.75
15	130	0	64.4798	-29.3177	16.75
15	131	0	65.5798	-27.4125	16.75
15	132	0	66.6798	-25.5072	16.75
15	133	0	67.7798	-23.602	16.75
15	134	0	68.8798	-21.6967	16.75
15	135	0	70.5	-15.65	16.75
15	136	0	70.5	-13.45	16.75
15	137	0	70.5	-11.25	16.75
15	138	0	70.5	-9.05	16.75
15	139	0	70.5	-6.85	16.75
15	140	0	70.5	-4.65	16.75
15	141	0	70.5	-2.45	16.75
15	142	0	70.5	0.25	16.75
15	143	0	70.5	2.45	16.75
15	144	0	70.5	4.65	16.75
15	145	0	70.5	6.85	16.75
15	146	0	70.5	9.05	16.75
15	147	0	70.5	11.25	16.75
15	148	0	70.5	13.45	16.75
15	149	0	70.5	15.65	16.75
15	150	0	68.8798	21.6967	16.75
15	151	0	67.7798	23.602	16.75
15	152	0	66.6798	25.5072	16.75
15	153	0	65.5798	27.4125	16.75
15	154	0	64.4798	29.3177	16.75
15	155	0	63.3798	31.223	16.75
15	156	0	62.2798	33.1282	16.75
15	157	0	60.9298	35.4665	16.75
15	158	0	59.8298	37.3718	16.75
15	159	0	58.7298	39.277	16.75
15	160	0	57.6298	41.1823	16.75
15	161	0	56.5298	43.0875	16.75
15	162	0	55.4298	44.9928	16.75
15	163	0	54.3298	46.898	16.75
15	164	0	53.2298	48.8033	16.75
15	165	0	48.8033	53.2298	16.75
15	166	0	46.898	54.3298	16.75
15	167	0	44.9928	55.4298	16.75
15	168	0	43.0875	56.5298	16.75
15	169	0	41.1823	57.6298	16.75
15	170	0	39.277	58.7298	16.75
15	171	0	37.3718	59.8298	16.75
15	172	0	35.0335	61.1798	16.75
15	173	0	33.1282	62.2798	16.75
15	174	0	31.223	63.3798	16.75
15	175	0	29.3177	64.4798	16.75
15	176	0	27.4125	65.5798	16.75
15	177	0	25.5072	66.6798	16.75
15	178	0	23.602	67.7798	16.75
15	179	0	21.6967	68.8798	16.75
